1719254356.504283
1719254357.527174
1719254358.5502436
1719254359.5733902
1719254360.5965068
----------
1719254380.4725447
1719254381.4952228
1719254382.5182955
----------
1719254388.50094
1719254389.5231678
1719254390.5462494
----------
1719254398.4965353
1719254399.519514
----------
1719254408.411814
1719254409.4479084
1719254410.470973
1719254411.499183
----------
1719254476.4560337
1719254477.479047
----------
1719254482.471988
1719254483.4945138
1719254484.526918
----------
1719254496.4435847
1719254497.4752119
----------
1719254531.4774926
1719254532.500552
1719254533.5232875
----------
1719254564.4947886
1719254565.5170045
----------
1719254570.4826446
1719254571.5057032
----------
1719254576.5792341
1719254577.6022184
----------
