1719349246.6053495
1719349246.8275645
1719349247.049835
1719349247.2721517
1719349247.494411
1719349247.7167177
1719349247.9390001
1719349248.1612058
1719349248.3835804
1719349248.6057832
1719349248.8279786
1719349249.0502093
1719349249.2725265
1719349249.4948819
1719349249.716981
1719349249.9391637
1719349250.1612623
1719349250.383641
1719349250.6059687
1719349250.828216
1719349251.050502
1719349251.272742
1719349251.4950948
1719349251.7173276
1719349251.9395707
1719349252.161863
1719349252.3841698
1719349252.6064363
1719349252.8286352
1719349253.051009
1719349253.2734072
1719349253.4957337
1719349253.717952
1719349253.9402087
1719349254.1624436
1719349254.3846898
1719349254.6068442
1719349254.8289762
1719349255.0513437
----------
1719349271.2749195
----------
1719349287.2768476
1719349287.4991484
1719349287.721365
1719349287.943562
----------
1719349291.851483
1719349292.0737264
1719349292.295992
1719349292.518311
----------
1719349304.9523437
1719349305.1745753
1719349305.396873
1719349305.6191332
1719349305.8414097
1719349306.063775
1719349306.286018
----------
1719349310.9460897
1719349311.1682794
1719349311.3904665
1719349311.6127517
1719349311.8365066
1719349312.0588202
1719349312.2809572
1719349312.5032055
1719349312.7254748
1719349312.9477708
----------
1719349319.291351
1719349319.5135944
1719349319.7357728
----------
1719349325.351949
1719349325.5742202
1719349325.7965138
1719349326.0187738
1719349326.2411199
1719349326.4634578
1719349326.685795
1719349326.908029
1719349327.130391
1719349327.3525982
1719349327.5748901
1719349327.797011
1719349328.019209
----------
1719349333.2518601
1719349333.4740984
1719349333.6963766
1719349333.9187834
1719349334.1409261
1719349334.3632734
1719349334.585478
1719349334.8085063
----------
1719349340.3699422
1719349340.5921733
----------
1719349346.1071725
1719349346.3293777
1719349346.551622
1719349346.7739692
1719349346.9962163
1719349347.218508
1719349347.440767
1719349347.6631792
1719349347.8854256
1719349348.1076386
1719349348.3299184
1719349348.5521107
1719349348.7744293
----------
1719349354.1457324
1719349354.3680046
1719349354.5902536
1719349354.8125386
1719349355.0348666
1719349355.2570975
----------
1719349360.90691
1719349361.1290183
1719349361.3512456
----------
1719349366.8846889
1719349367.1069317
1719349367.3292847
1719349367.5514312
1719349367.7736661
1719349367.9959812
1719349368.2182975
1719349368.4405472
1719349368.6628156
----------
1719349373.127657
1719349373.349879
1719349373.5720618
1719349373.7943172
1719349374.0164843
1719349374.2387376
1719349374.4609349
----------
1719349380.3040826
1719349380.5262835
1719349380.7485526
1719349380.9707603
----------
1719349384.1733046
1719349384.3955514
1719349384.617854
1719349384.8401816
1719349385.062487
1719349385.284712
1719349385.5069706
----------
1719349389.5197773
1719349389.742093
1719349389.9643502
1719349390.1866446
1719349390.408818
----------
1719349395.59914
1719349395.8213985
1719349396.0437303
1719349396.2660356
1719349396.4883227
1719349396.7105758
1719349396.9328568
----------
1719349407.7105496
1719349407.93287
1719349408.1551068
1719349408.37737
----------
1719349414.0692785
1719349414.2914877
1719349414.513637
1719349414.7358224
1719349414.9580452
1719349415.1803436
1719349415.4025958
----------
1719349419.9185734
1719349420.1408792
----------
1719349426.581507
1719349426.8037422
1719349427.0259888
1719349427.2485769
1719349427.470807
1719349427.6929445
1719349427.915143
1719349428.1403024
1719349428.3625386
1719349428.5854046
1719349428.8075995
----------
1719349433.0990634
1719349433.3213584
1719349433.543607
1719349433.7658224
1719349433.9890068
1719349434.211191
1719349434.4333801
----------
1719349440.8584847
1719349441.0807214
1719349441.3029246
----------
1719349447.234329
1719349447.4566052
1719349447.6788337
1719349447.9009771
1719349448.1231468
1719349448.3453083
1719349448.567559
1719349448.7898479
1719349449.0121326
1719349449.234405
----------
1719349454.0399587
1719349454.262167
1719349454.4843895
1719349454.7065806
1719349454.9288585
1719349455.151155
1719349455.3734286
1719349455.5956774
1719349455.81791
----------
1719349462.0382266
1719349462.2605104
1719349462.4827352
----------
1719349468.1290405
1719349468.3513477
1719349468.5735948
1719349468.7974293
1719349469.0196426
1719349469.241874
1719349469.464076
1719349469.6863096
1719349469.9085104
1719349470.1307313
1719349470.352984
1719349470.575235
----------
1719349475.11176
1719349475.3340154
1719349475.5562475
1719349475.778431
1719349476.000633
1719349476.2228436
----------
