1719349201.7816253
1719349205.6119285
1719349207.8060617
1719349213.0241506
1719349218.1953259
1719349220.807466
1719349223.3830242
1719349228.6014903
1719349233.8616447
1719349235.9265342
1719349239.1574636
1719349244.4443216
1719349245.1934524
1719349245.1947777
1719349246.5255885
1719349246.530576
1719349246.6235824
1719349246.7526376
1719349246.7534885
1719349246.754248
1719349246.7596455
1719349246.8753438
1719349246.8754733
1719349246.8765655
1719349246.8778331
1719349246.8813076
1719349246.882647
1719349246.8832705
1719349246.8842545
1719349246.884552
1719349247.00483
1719349247.0056698
1719349247.0061204
1719349247.0108416
1719349247.4997616
1719349247.499813
1719349247.500586
1719349247.5013566
1719349247.5035646
1719349247.505102
1719349247.5085027
1719349247.5986722
1719349247.6051953
1719349247.6054976
1719349247.719192
1719349247.7200398
1719349247.8906305
1719349247.8973656
1719349247.8988364
1719349247.89901
1719349248.1894865
1719349248.194586
1719349248.2001295
1719349248.3213003
1719349248.323813
1719349248.3253214
1719349248.3265688
1719349248.326687
1719349248.466243
1719349248.4705706
1719349248.472394
1719349248.5737042
1719349248.5801272
1719349248.580423
1719349248.6699393
1719349248.670001
1719349248.8169143
1719349248.8172777
1719349248.818146
1719349248.820448
1719349249.036899
1719349249.0441217
1719349249.0463793
1719349249.0477986
1719349249.2563517
1719349249.261858
1719349249.2619326
1719349249.2619996
1719349249.420252
1719349249.420409
1719349249.428863
1719349249.4311311
1719349249.6854231
1719349249.6866457
1719349249.6872454
1719349249.695809
1719349249.7402763
1719349249.8825836
1719349249.885026
1719349249.8914905
1719349249.9888425
1719349250.1417396
1719349250.1418219
1719349250.1427438
1719349250.1477273
1719349250.2972748
1719349250.298555
1719349250.2986245
1719349250.3051388
1719349250.4375226
1719349250.4391985
1719349250.4404352
1719349250.5895028
1719349250.7618144
1719349250.7631283
1719349250.7633104
1719349250.7713976
1719349250.9691439
1719349250.9697018
1719349250.9753473
1719349250.9757237
1719349251.202915
1719349251.2034369
1719349251.2165759
1719349251.3600764
1719349251.3603592
1719349251.3634233
1719349251.3777072
1719349251.5715468
1719349251.5788424
1719349251.6818957
1719349251.6830165
1719349251.6884289
1719349251.6887758
1719349251.6889138
1719349251.69035
1719349251.6904743
1719349251.691709
1719349251.878911
1719349251.8789787
1719349251.8796782
1719349251.8876233
1719349251.988532
1719349251.9888084
1719349251.9889205
1719349251.9892185
1719349252.3028433
1719349252.303558
1719349252.3041265
1719349252.3072314
1719349252.499344
1719349252.500095
1719349252.506022
1719349252.5091517
1719349252.647243
1719349252.6487653
1719349252.7840466
1719349252.7841766
1719349252.9317162
1719349252.935144
1719349252.9400094
1719349252.9400895
1719349253.042888
1719349253.0436344
1719349253.1651497
1719349253.1653914
1719349253.32073
1719349253.3208098
1719349253.3269007
1719349253.3269527
1719349253.5041516
1719349253.5094001
1719349253.6241453
1719349253.6242068
1719349253.76496
1719349253.7660172
1719349253.7696993
1719349253.7720802
1719349253.7725456
1719349253.7726095
1719349253.77266
1719349253.87857
1719349254.0251288
1719349254.0297482
1719349254.030406
1719349254.0314934
1719349254.354196
1719349254.3546069
1719349254.3602865
1719349254.3614767
1719349254.4894135
1719349254.4894602
1719349254.4958355
1719349254.4975204
1719349254.6161368
1719349254.6812823
1719349254.8687348
1719349254.8697627
1719349254.8761008
1719349254.8777273
1719349255.0308547
1719349255.030941
1719349255.03363
1719349255.0347042
1719349255.1189284
1719349255.2146826
1719349255.216161
1719349255.2191427
1719349255.2204165
1719349255.4853778
1719349255.4871197
1719349255.4926648
1719349255.4962661
1719349260.312342
1719349265.5226593
1719349266.6349742
1719349270.6396878
1719349275.8563662
1719349281.0324929
1719349281.775228
1719349286.2388096
1719349288.0811281
1719349288.0830357
1719349288.0880096
1719349288.0884385
1719349288.0887191
1719349288.0911992
1719349288.0913277
1719349288.0933173
1719349288.2151554
1719349288.2186706
1719349288.2212281
1719349288.2218664
1719349291.4520564
1719349292.492719
1719349292.4942455
1719349292.4944656
1719349292.5013125
1719349292.7838948
1719349292.788588
1719349292.7888381
1719349292.789623
1719349293.066922
1719349293.071303
1719349293.07437
1719349293.0751963
1719349296.7017043
1719349296.9649782
1719349301.9602773
1719349305.376083
1719349305.3938568
1719349305.3940172
1719349305.4979615
1719349305.6432292
1719349305.6455863
1719349305.6483192
1719349305.649256
1719349305.9720953
1719349305.9736502
1719349305.9829667
1719349306.106421
1719349306.2137916
1719349306.2206802
1719349306.2237253
1719349306.361467
1719349306.3674343
1719349306.3688188
1719349306.3689816
1719349306.3751001
1719349306.6735263
1719349306.6744769
1719349306.6801991
1719349306.680497
1719349307.2412148
1719349311.4352622
1719349311.435981
1719349311.441424
1719349311.4416907
1719349311.6466331
1719349311.6468024
1719349311.6526444
1719349311.6561837
1719349311.8362913
1719349311.8367321
1719349311.842971
1719349311.8433237
1719349312.0301425
1719349312.0310187
1719349312.0377142
1719349312.038381
1719349312.128865
1719349312.1302607
1719349312.2436445
1719349312.256568
1719349312.2569354
1719349312.4281385
1719349312.4298058
1719349312.431634
1719349312.4344165
1719349312.4895313
1719349312.6265829
1719349312.6268725
1719349312.6271977
1719349312.6368878
1719349312.8660984
1719349312.8664856
1719349312.8665762
1719349312.868195
1719349313.0104165
1719349313.0108705
1719349313.0124965
1719349313.0187473
1719349313.1715617
1719349313.2890174
1719349313.2918017
1719349313.2960978
1719349317.7503653
1719349319.8437042
1719349319.8437622
1719349319.844569
1719349319.8502197
1719349320.0837898
1719349320.08379
1719349320.091518
1719349320.0929737
1719349322.9479504
1719349325.8266962
1719349325.8305109
1719349325.8329656
1719349325.8333538
1719349326.0827446
1719349326.0827594
1719349326.0828545
1719349326.082913
1719349326.3293245
1719349326.3308883
1719349326.3369322
1719349326.337666
1719349326.4768295
1719349326.4776096
1719349326.4836388
1719349326.4842076
1719349326.7374709
1719349326.7384305
1719349326.7452095
1719349326.7453003
1719349326.839824
1719349326.8421354
1719349326.8453672
1719349326.85259
1719349327.195953
1719349327.2005322
1719349327.2018414
1719349327.203132
1719349327.2048385
1719349327.3109744
1719349327.314524
1719349327.3161285
1719349327.4741762
1719349327.4742658
1719349327.4744918
1719349327.4745045
1719349327.5157802
1719349327.9637113
1719349327.963952
1719349327.9758594
1719349328.214894
1719349328.2149546
1719349328.2165115
1719349328.222179
1719349328.2229774
1719349328.306961
1719349328.308235
1719349328.312257
1719349328.313939
1719349333.4770548
1719349333.8883276
1719349333.8886385
1719349333.892458
1719349333.901658
1719349334.0015585
1719349334.0018866
1719349334.0093
1719349334.011497
1719349334.1409829
1719349334.2402399
1719349334.240294
1719349334.241357
1719349334.342357
1719349334.454406
1719349334.4584947
1719349334.46013
1719349334.6105504
1719349334.6133857
1719349334.6168714
1719349334.6178668
1719349335.0618322
1719349335.0619316
1719349335.0636647
1719349335.0667355
1719349335.273986
1719349335.2740693
1719349335.2741241
1719349335.2759469
1719349338.6862943
1719349340.7806919
1719349340.7815316
1719349340.7887297
1719349340.7904832
1719349341.301761
1719349341.302371
1719349341.3029516
1719349341.3095496
1719349342.9490824
1719349343.960436
1719349346.6296418
1719349346.6358898
1719349346.6374934
1719349346.6377392
1719349346.840719
1719349346.843433
1719349346.8480759
1719349346.8497972
1719349347.0390446
1719349347.039171
1719349347.0393295
1719349347.0441709
1719349347.2469864
1719349347.2478588
1719349347.2536287
1719349347.2545893
1719349347.9000459
1719349347.9003522
1719349347.902027
1719349347.902115
1719349347.9025972
1719349347.9072912
1719349347.9086158
1719349347.909222
1719349347.909222
1719349347.9146564
1719349348.0054023
1719349348.0082562
1719349348.0123806
1719349348.014063
1719349348.0141711
1719349348.014323
1719349348.2790072
1719349348.2811265
1719349348.2867355
1719349348.2870457
1719349348.746705
1719349348.7472742
1719349348.7507544
1719349348.7514174
1719349348.88561
1719349348.88561
1719349348.8935528
1719349348.8976684
1719349349.0619726
1719349349.1419
1719349349.1419764
1719349349.1491308
1719349349.2277477
1719349354.6259332
1719349354.761914
1719349354.7674966
1719349354.7675211
1719349354.7687945
1719349354.9420798
1719349354.9433002
1719349354.9439182
1719349354.9489398
1719349355.1291604
1719349355.1310163
1719349355.1351292
1719349355.1432424
1719349355.2528198
1719349355.2558374
1719349355.2599814
1719349355.261548
1719349355.6539307
1719349355.65546
1719349355.655908
1719349355.6657848
1719349355.8325577
1719349355.8336117
1719349355.9583316
1719349355.9586887
1719349358.0638173
1719349359.9761841
1719349361.6249564
1719349361.63219
1719349361.6325207
1719349361.6327436
1719349361.7494078
1719349361.7509394
1719349361.7542827
1719349361.7571883
1719349365.1977365
1719349367.5564227
1719349367.5624056
1719349367.562581
1719349367.5631068
1719349367.6633112
1719349367.6660762
1719349367.6689684
1719349367.6713707
1719349367.8908572
1719349367.8958042
1719349367.8959875
1719349367.8971815
1719349367.9954624
1719349367.9954624
1719349368.0049052
1719349368.1025147
1719349368.2704816
1719349368.2718115
1719349368.2776709
1719349368.2810333
1719349368.6340852
1719349368.6349132
1719349368.6391
1719349368.6398416
1719349368.8206031
1719349368.8260193
1719349368.930724
1719349368.9361012
1719349369.0716226
1719349369.0781415
1719349369.0786397
1719349369.0790167
1719349370.452177
1719349373.319844
1719349373.5780127
1719349373.5797455
1719349373.6750953
1719349373.681266
1719349373.8607576
1719349373.8658009
1719349373.8686576
1719349373.8687153
1719349374.0749037
1719349374.0752978
1719349374.0753994
1719349374.0814288
1719349374.2594514
1719349374.2627902
1719349374.2651393
1719349374.2656624
1719349374.4603775
1719349374.4606392
1719349374.4665437
1719349374.4680512
1719349374.6945162
1719349374.7016487
1719349374.7025902
1719349374.7033274
1719349374.879682
1719349374.883272
1719349374.8841047
1719349374.8889005
1719349375.5841732
1719349380.8533576
1719349380.8583791
1719349380.8597066
1719349380.8605852
1719349380.8842123
1719349381.0257058
1719349381.0261405
1719349381.0321276
1719349381.127829
1719349381.5665584
1719349381.5683
1719349381.5710194
1719349381.5742025
1719349384.7623942
1719349384.7626193
1719349384.762936
1719349384.7632108
1719349384.9494436
1719349384.9504254
1719349384.9540489
1719349384.955182
1719349385.138348
1719349385.13873
1719349385.144867
1719349385.144958
1719349385.3452861
1719349385.347639
1719349385.352632
1719349385.3531702
1719349385.580953
1719349385.5856168
1719349385.5858417
1719349385.5864484
1719349385.5869126
1719349385.7081623
1719349385.7126954
1719349385.715966
1719349386.1058438
1719349386.1130369
1719349386.186754
1719349386.2069964
1719349386.212279
1719349388.5045683
1719349390.0899794
1719349390.0904546
1719349390.091343
1719349390.0984113
1719349390.358708
1719349390.3593016
1719349390.361227
1719349390.3650832
1719349390.4890966
1719349390.4961796
1719349390.6126719
1719349390.6208873
1719349390.7091758
1719349390.7117805
1719349390.713476
1719349390.717739
1719349391.5608659
1719349396.3675063
1719349396.3678386
1719349396.3682954
1719349396.373806
1719349396.5834594
1719349396.5839915
1719349396.5903687
1719349396.5927956
1719349396.771923
1719349396.7777615
1719349396.778218
1719349396.781583
1719349396.9135706
1719349396.9690306
1719349396.9744928
1719349396.9764926
1719349396.9767823
1719349397.168036
1719349397.1684003
1719349397.1700447
1719349397.1702929
1719349397.4901304
1719349397.492433
1719349397.4929717
1719349397.4949863
1719349402.1915858
1719349403.7135088
1719349407.3849123
1719349408.1982458
1719349408.1990893
1719349408.2044246
1719349408.2049768
1719349408.3979683
1719349408.4033716
1719349408.4060922
1719349408.4113796
1719349408.5964267
1719349408.5980957
1719349408.7079911
1719349408.71521
1719349409.034156
1719349409.035083
1719349409.035617
1719349409.036291
1719349412.5808048
1719349414.6403518
1719349414.642291
1719349414.6424677
1719349414.642818
1719349414.8174603
1719349414.8178186
1719349414.8179004
1719349414.823985
1719349415.242555
1719349415.2445738
1719349415.248139
1719349415.2489
1719349415.520581
1719349415.521931
1719349415.5246081
1719349415.5296283
1719349415.7389033
1719349415.7424889
1719349415.7466908
1719349415.74848
1719349417.804975
1719349418.8336906
1719349420.7625334
1719349420.7627573
1719349420.7630026
1719349420.76831
1719349422.923197
1719349427.0607693
1719349427.0624177
1719349427.0668685
1719349427.067734
1719349427.3089252
1719349427.3098257
1719349427.3098478
1719349427.3098905
1719349427.490023
1719349427.4910555
1719349427.4910994
1719349427.4911225
1719349427.678232
1719349427.6795342
1719349427.6796548
1719349427.6806085
1719349427.8483825
1719349427.8514428
1719349427.8527892
1719349427.8540447
1719349427.9816957
1719349428.0884807
1719349428.2497303
1719349428.2526724
1719349428.2569497
1719349428.2569978
1719349428.4250069
1719349428.4304647
1719349428.4319658
1719349428.4331226
1719349428.8796394
1719349428.8852103
1719349428.8862493
1719349428.886651
1719349429.0691936
1719349429.0700455
1719349429.0748215
1719349429.0749476
1719349429.246444
1719349429.2469382
1719349429.2471628
1719349429.2481709
1719349433.4545898
1719349433.6228032
1719349433.628322
1719349433.6284306
1719349433.628511
1719349433.755511
1719349433.762383
1719349433.8803504
1719349433.880683
1719349433.9968758
1719349433.997357
1719349434.003041
1719349434.0040114
1719349434.0906162
1719349434.2745926
1719349434.2756612
1719349434.2760224
1719349434.2807233
1719349434.4107335
1719349434.4139698
1719349434.413983
1719349434.4180276
1719349434.652218
1719349434.656679
1719349434.6587973
1719349434.6589656
1719349435.1773036
1719349435.1786177
1719349435.1848533
1719349435.1851788
1719349438.6675158
1719349441.560197
1719349441.5601976
1719349441.5641987
1719349441.5654933
1719349443.9199991
1719349447.9330678
1719349447.934406
1719349447.9344354
1719349447.9397435
1719349448.07651
1719349448.180013
1719349448.1853943
1719349448.1857371
1719349448.2869394
1719349448.288336
1719349448.2934287
1719349448.2958727
1719349448.4579706
1719349448.4580452
1719349448.4581223
1719349448.4584963
1719349448.5588799
1719349448.5591013
1719349448.5645344
1719349448.6583111
1719349448.8810282
1719349448.8818853
1719349448.8875425
1719349448.8879652
1719349449.1183634
1719349449.1184134
1719349449.1227264
1719349449.1247973
1719349449.1727753
1719349449.2724473
1719349449.273465
1719349449.2760108
1719349449.2803688
1719349449.467925
1719349449.6273837
1719349449.6291966
1719349449.6304736
1719349449.6334224
1719349454.5073104
1719349454.6520343
1719349454.6575792
1719349454.6577709
1719349454.6584692
1719349454.874396
1719349454.875005
1719349454.880804
1719349454.8810353
1719349455.0642674
1719349455.0650117
1719349455.0654569
1719349455.0721352
1719349455.1974633
1719349455.2004137
1719349455.307847
1719349455.3098755
1719349455.480036
1719349455.4804084
1719349455.575506
1719349455.575753
1719349455.9290864
1719349455.9322593
1719349456.0591285
1719349456.0605533
1719349456.0616837
1719349456.0617435
1719349456.062871
1719349456.0650191
1719349456.0651019
1719349456.065447
1719349456.17692
1719349456.1833594
1719349459.7220545
1719349462.637311
1719349462.637937
1719349462.6412704
1719349462.6415982
1719349462.761203
1719349462.7662787
1719349462.7666502
1719349462.7682347
1719349464.7403228
1719349465.2174044
1719349468.5857022
1719349468.5870657
1719349468.5874164
1719349468.591362
1719349468.8204443
1719349468.827404
1719349468.8310091
1719349468.8334079
1719349469.0252426
1719349469.0259416
1719349469.0266879
1719349469.0349312
1719349469.217943
1719349469.2192242
1719349469.2223458
1719349469.2226381
1719349469.3760786
1719349469.382274
1719349469.3861644
1719349469.3870885
1719349469.6609793
1719349469.6671813
1719349469.6672056
1719349469.6676192
1719349469.8663745
1719349469.8681278
1719349469.8712146
1719349469.8720944
1719349470.093721
1719349470.0953639
1719349470.0969224
1719349470.1037123
1719349470.327948
1719349470.333012
1719349470.3340538
1719349470.3385506
1719349470.5636125
1719349470.7660294
1719349470.7665782
1719349470.7675471
1719349470.7736788
1719349470.9172502
1719349470.922876
1719349470.924917
1719349470.925288
