1719254914.307478
1719254915.3302164
1719254916.3532329
1719254917.376256
1719254918.3993506
1719254919.4222555
1719254920.4453154
----------
1719254935.3028827
1719254936.353996
----------
1719254945.2558072
1719254946.2980165
1719254947.3210468
1719254948.3439002
1719254949.3662705
----------
1719254962.334357
1719254963.357453
----------
1719254968.285465
1719254969.3085227
----------
1719255010.321703
1719255011.3447278
----------
1719255016.3460805
1719255017.3691719
----------
1719255032.350006
1719255033.3730607
----------
1719255036.3049963
1719255037.327996
1719255038.3602078
----------
1719255047.30751
1719255048.330255
----------
1719255054.283462
1719255055.312676
----------
1719255060.1810806
1719255061.2115693
1719255062.2341483
----------
1719255067.3033254
1719255068.3479862
1719255069.3702419
----------
1719255079.2680979
1719255080.2902238
----------
1719255083.2982173
1719255084.321266
1719255085.3443966
1719255086.367489
1719255087.3902068
1719255088.4132483
1719255089.436246
1719255090.4593341
1719255091.482246
1719255092.5052853
----------
1719255102.2768958
1719255103.2997422
1719255104.3223135
----------
1719255111.1582522
1719255112.2941737
----------
1719255117.198938
1719255118.24042
1719255119.2816238
1719255120.3098493
----------
1719255124.353757
1719255125.3768258
----------
1719255139.264773
1719255140.2930074
----------
