1719347324.133838
1719347324.3560295
----------
1719347329.7311184
1719347329.953345
1719347330.175606
1719347330.397852
1719347330.6201103
1719347330.8429565
1719347331.0651746
----------
1719347334.9686906
1719347335.1909618
1719347335.4131746
----------
1719347339.8576932
1719347340.0799778
1719347340.3029037
1719347340.5249949
1719347340.7472785
1719347340.9695928
1719347341.1918244
1719347341.4141097
1719347341.63632
----------
1719347345.9214842
1719347346.1438
1719347346.3660178
----------
1719347350.6468227
1719347350.8690438
1719347351.0913348
1719347351.3135448
1719347351.5360062
1719347351.758251
1719347351.9805942
1719347352.202793
----------
1719347356.4213104
1719347356.6436195
1719347356.8658743
1719347357.0882132
1719347357.310629
1719347357.5328758
1719347357.755095
----------
1719347365.168951
1719347365.3911374
1719347365.613412
----------
1719347370.5528667
1719347370.775054
1719347370.997356
1719347371.2195976
1719347371.4418404
1719347371.6641338
1719347371.8864577
1719347372.1087027
1719347372.3309717
1719347372.5532207
1719347372.7754204
1719347372.9976232
1719347373.219781
1719347373.4420538
1719347373.6643865
1719347373.886607
1719347374.108865
1719347374.3311315
1719347374.553438
1719347374.7757275
1719347374.9995952
1719347375.2217758
----------
1719347379.8920336
1719347380.1142828
----------
1719347387.3963752
1719347387.6187048
1719347387.8409853
1719347388.06329
1719347388.2856126
1719347388.5078845
1719347388.7301254
1719347388.9524415
1719347389.1747162
1719347389.3970482
1719347389.6193354
1719347389.841562
----------
1719347394.9933941
----------
1719347405.687689
1719347405.9099348
1719347406.1321275
----------
1719347411.3697472
1719347411.5919986
1719347411.8142235
1719347412.0364313
1719347412.2587216
1719347412.4810245
1719347412.7032616
1719347412.9255176
1719347413.147716
1719347413.3698738
----------
1719347417.4452949
----------
1719347424.7719107
1719347424.9941044
----------
1719347430.5572102
----------
1719347441.6912556
1719347441.9135191
1719347442.1357896
1719347442.358322
1719347442.5805597
1719347442.8028662
1719347443.025035
----------
1719347448.6997006
1719347448.922003
1719347449.144237
1719347449.3685224
1719347449.5908399
----------
1719347460.2092538
1719347460.431562
1719347460.6538935
1719347460.8761938
1719347461.0985208
1719347461.3207345
1719347461.5429854
----------
1719347467.0574405
1719347467.279779
----------
1719347482.726334
----------
1719347493.36292
1719347493.5849931
1719347493.8072417
1719347494.029521
----------
1719347499.7105591
1719347499.9328003
1719347500.1550972
1719347500.3773868
----------
1719347504.7898996
1719347505.0121572
1719347505.2344484
----------
1719347511.7863955
1719347512.008721
1719347512.230989
1719347512.4532514
----------
1719347517.6525562
1719347517.874784
1719347518.0970716
1719347518.3192835
1719347518.5415726
1719347518.7638571
1719347518.9861321
----------
1719347530.4710503
1719347530.693288
1719347530.915598
1719347531.137759
1719347531.3600073
1719347531.5823424
1719347531.8046005
----------
1719347537.5102155
1719347537.732428
1719347537.9546924
1719347538.1769667
1719347538.399191
----------
1719347545.877105
1719347546.0998905
1719347546.3221548
1719347546.544653
1719347546.7669194
1719347546.9890232
1719347547.2112615
1719347547.4334943
1719347547.655765
----------
1719347551.6073084
1719347551.829576
1719347552.0518765
1719347552.274156
----------
1719347556.9606442
1719347557.183006
1719347557.4052856
----------
1719347561.6576738
1719347561.8799853
1719347562.1022785
1719347562.3246164
1719347562.5468996
1719347562.769003
----------
1719347569.7593324
1719347569.9816494
1719347570.2038863
1719347570.426098
1719347570.6484027
1719347570.8706899
1719347571.0929763
1719347571.3153024
----------
1719347587.2400243
1719347587.4623094
1719347587.684655
1719347587.9069815
1719347588.1292818
----------
1719347593.5355175
1719347593.7578125
1719347593.9800863
----------
1719347604.891189
1719347605.1134574
1719347605.3357012
1719347605.5580697
1719347605.780332
1719347606.002574
----------
1719347611.3405519
1719347611.5628226
1719347611.7850058
1719347612.007284
1719347612.229553
1719347612.451873
----------
1719347616.8875725
1719347617.1098702
1719347617.3321733
----------
1719347620.7799613
1719347621.0023098
1719347621.224612
1719347621.446879
1719347621.6690009
1719347621.891258
1719347622.1135094
1719347622.3358319
1719347622.5580976
1719347622.7803497
1719347623.0026498
1719347623.2248764
----------
1719347627.3179424
1719347627.5401878
1719347627.7624242
----------
1719347633.2305098
1719347633.4527366
1719347633.6748912
----------
1719347644.6133974
1719347644.8356528
1719347645.0578535
1719347645.2802112
1719347645.502474
1719347645.724719
1719347645.9471
1719347646.1693196
----------
1719347651.4001653
1719347651.6224132
1719347651.844673
1719347652.0669327
1719347652.289101
1719347652.5113888
1719347652.7337022
----------
1719347657.3264933
1719347657.5487554
----------
1719347664.2143834
1719347664.436659
1719347664.658933
1719347664.8810396
1719347665.1032612
1719347665.32556
1719347665.5478199
1719347665.7700958
1719347665.992359
1719347666.214616
1719347666.4368522
1719347666.6591322
1719347666.8813994
1719347667.1036832
----------
1719347672.501669
----------
1719347683.4168687
1719347683.6392136
1719347683.8614354
1719347684.0836647
1719347684.3059378
1719347684.5280685
1719347684.7503114
1719347684.9725828
----------
1719347689.4281898
1719347689.650526
1719347689.8727891
1719347690.0950608
1719347690.3173559
----------
1719347701.8437722
1719347702.0662837
1719347702.288567
1719347702.5108461
1719347702.7329543
----------
