1719347324.3225167
1719347324.5304291
1719347324.743239
----------
1719347329.9242766
1719347330.1497624
1719347330.3953187
1719347330.6108255
1719347330.9261732
1719347331.1520932
1719347331.3606193
1719347331.5936427
----------
1719347335.1615462
1719347335.3894014
1719347335.6001854
1719347335.8497095
----------
1719347339.9396124
1719347340.1507454
1719347340.3633125
1719347340.5781057
1719347340.8074203
1719347341.065984
1719347341.326214
1719347341.5542216
1719347341.7649443
1719347341.9928029
----------
1719347346.1781023
1719347346.3848753
1719347346.6140175
1719347346.9436882
----------
1719347350.713501
1719347350.9281342
1719347351.1462197
1719347351.3619857
1719347351.5837417
1719347351.8083732
1719347352.090909
1719347352.3392375
----------
1719347356.5139527
1719347356.729905
1719347356.957378
1719347357.185054
1719347357.4137583
1719347357.727469
1719347357.9484792
----------
1719347365.293258
1719347365.5054827
1719347365.715158
1719347365.9308367
----------
1719347370.7546825
1719347370.9886293
1719347371.2022686
1719347371.451517
1719347371.6931026
1719347371.913609
1719347372.1290119
1719347372.341026
1719347372.556589
1719347372.7692263
1719347372.9826632
1719347373.195933
1719347373.4113512
1719347373.6587832
1719347373.9042623
1719347374.1470675
1719347374.3821738
1719347374.611742
1719347374.9576523
1719347375.168256
1719347375.3771605
1719347375.6039913
----------
1719347380.0874887
1719347380.2948344
----------
1719347387.5657628
1719347387.7806606
1719347387.9895144
1719347388.1984866
1719347388.4068563
1719347388.6562696
1719347388.93813
1719347389.171389
1719347389.4124858
1719347389.7461307
----------
1719347405.9677317
1719347406.1777108
1719347406.40254
1719347406.702916
1719347406.965322
1719347407.195224
1719347407.4879518
1719347407.7598367
1719347408.2182164
1719347408.460796
1719347408.6730156
1719347408.8880737
1719347409.09953
1719347409.3059518
1719347409.5392864
1719347409.7604604
1719347409.9827013
1719347410.2056663
1719347410.4842725
1719347410.7338097
1719347410.9524853
1719347411.1730168
1719347411.3943484
1719347411.5463781
1719347411.6795995
1719347411.7594874
1719347411.8915277
1719347411.966173
1719347412.1181366
1719347412.192212
1719347412.3497736
1719347412.4808915
1719347412.5610971
1719347412.7186127
1719347412.7781346
1719347412.9328341
1719347412.9888556
1719347413.1416504
1719347413.1984634
1719347413.3493912
1719347413.4063015
1719347413.5614448
1719347413.7038605
----------
1719347417.7427914
1719347417.9652624
----------
1719347424.8984663
1719347425.143327
----------
1719347441.9536157
1719347442.1797802
1719347442.4026914
1719347442.6918006
1719347442.9463058
1719347443.1875896
1719347443.4144235
1719347443.7402308
----------
1719347448.9520795
1719347449.177471
1719347449.4066086
1719347449.7335215
----------
1719347460.3500023
1719347460.572889
1719347460.7886348
1719347461.0111446
1719347461.3355632
1719347461.5623918
1719347461.7876277
----------
1719347467.1566777
1719347467.3819685
----------
1719347493.5526628
1719347493.7784855
1719347494.0018911
1719347494.2992158
1719347494.549859
----------
1719347499.942781
1719347500.1669037
1719347500.3914578
1719347500.6748486
1719347500.937249
----------
1719347505.1506462
1719347505.373367
----------
1719347511.9565582
1719347512.1792936
1719347512.4032989
1719347512.707839
----------
1719347517.9449167
1719347518.1673844
1719347518.3922656
1719347518.67879
1719347518.9343185
1719347519.1688464
----------
1719347530.7499244
1719347530.978074
1719347531.205379
1719347531.5043545
1719347531.7606053
1719347531.9865801
1719347532.2882564
1719347532.5491126
----------
1719347537.7459276
1719347537.971602
1719347538.1980917
1719347538.48398
1719347538.7498782
----------
1719347546.1374302
1719347546.360916
1719347546.5846605
1719347546.8125105
1719347547.1075165
1719347547.3551247
1719347547.5813947
1719347547.806931
----------
1719347551.749935
1719347551.9739125
1719347552.20008
1719347552.4939291
1719347552.7528174
----------
1719347557.1529577
1719347557.3769116
1719347557.5947556
----------
1719347561.7441647
1719347561.9786117
1719347562.202631
1719347562.498326
1719347562.7276425
1719347562.9628966
----------
1719347569.9554052
1719347570.1804433
1719347570.404636
1719347570.7006876
1719347570.9600658
1719347571.1863136
----------
1719347587.354917
1719347587.5814338
1719347587.8083103
1719347588.111511
1719347588.3686771
----------
1719347593.750692
1719347593.9774957
1719347594.1994479
----------
1719347605.1514332
1719347605.3793783
1719347605.6029851
1719347605.895487
1719347606.1478202
----------
1719347611.5581274
1719347611.7820158
1719347612.0091877
1719347612.317321
1719347612.567804
----------
1719347617.1490788
1719347617.3749282
1719347617.59993
1719347617.889214
----------
1719347620.9443207
1719347621.1681998
1719347621.3938594
1719347621.6818917
1719347621.9470286
1719347622.1732655
1719347622.3999755
1719347622.6950045
1719347622.9501486
1719347623.1648448
1719347623.3793602
1719347623.603629
1719347623.895575
----------
1719347627.5460596
1719347627.776199
1719347627.9992497
----------
1719347633.3973393
1719347633.6097498
1719347633.9315228
1719347634.1544404
----------
1719347644.9621987
1719347645.186142
1719347645.3986046
1719347645.692648
1719347646.001112
1719347646.2083943
----------
1719347651.5495126
1719347651.7754095
1719347651.9996178
1719347652.2967055
1719347652.5534368
1719347652.7795105
----------
1719347657.5452454
1719347657.7694783
1719347657.9920409
1719347658.214078
----------
1719347664.3622754
1719347664.570635
1719347664.7917476
1719347665.0053747
1719347665.3116179
1719347665.5624228
1719347665.786642
1719347666.0799963
1719347666.344507
1719347666.5703793
1719347666.7968135
1719347667.0871184
1719347667.3604434
----------
1719347672.7530818
1719347672.9757283
----------
1719347683.5579045
1719347683.7684677
1719347684.1078005
1719347684.3529909
1719347684.5838618
1719347684.8116565
1719347685.143707
----------
1719347689.551135
1719347689.7771077
1719347690.0022917
1719347690.2981215
1719347690.5615137
----------
1719347702.156023
1719347702.380786
1719347702.6010222
1719347702.889964
1719347703.1656296
----------
