1719347242.4207587
1719347248.6476963
1719347252.3757558
1719347255.0756786
1719347260.283199
1719347265.4854887
1719347267.8043838
1719347268.063203
1719347268.1146812
1719347270.7837791
1719347271.4608886
1719347276.6590183
1719347281.9808617
1719347283.0231762
1719347287.2364547
1719347292.454829
1719347297.7361524
1719347298.1976302
1719347302.9639556
1719347308.1041484
1719347313.3146734
1719347313.4074566
1719347318.4999292
1719347323.709416
1719347324.7143738
1719347324.7153494
1719347324.7212403
1719347324.7291875
1719347324.8271058
1719347324.8284507
1719347324.8329532
1719347324.8480058
1719347325.0936785
1719347325.09479
1719347325.095762
1719347325.0974445
1719347328.6279807
1719347328.9052482
1719347330.275601
1719347330.2761214
1719347330.280003
1719347330.2814512
1719347330.5781775
1719347330.5807862
1719347330.581917
1719347330.582627
1719347330.7861464
1719347330.9837132
1719347330.9973855
1719347331.3081203
1719347331.434697
1719347331.7286758
1719347331.7341268
1719347331.7440553
1719347331.9444165
1719347332.0475178
1719347334.0938785
1719347335.584326
1719347335.5844214
1719347335.5861616
1719347335.5908444
1719347335.8258586
1719347335.8331792
1719347335.9247143
1719347336.1295612
1719347339.3838553
1719347340.3231258
1719347340.3232553
1719347340.325676
1719347340.3274133
1719347340.5047092
1719347340.5097365
1719347340.5190468
1719347340.7295222
1719347340.7384603
1719347340.9971278
1719347341.020852
1719347341.164403
1719347341.261294
1719347341.268926
1719347341.413197
1719347341.4263928
1719347341.7013524
1719347341.8673084
1719347341.9506752
1719347341.9583585
1719347342.1196737
1719347342.4539788
1719347342.4610894
1719347342.4698176
1719347343.8314047
1719347344.607366
1719347346.5836914
1719347346.5889325
1719347346.5890234
1719347346.58938
1719347346.726195
1719347346.7399957
1719347347.0424743
1719347347.057524
1719347347.2845397
1719347347.2882586
1719347347.291365
1719347347.293858
1719347349.7936354
1719347351.0720143
1719347351.0739865
1719347351.0747395
1719347351.0832112
1719347351.3043191
1719347351.3043888
1719347351.3051736
1719347351.3053777
1719347351.4155288
1719347351.5324554
1719347351.7422838
1719347351.9634156
1719347352.224378
1719347352.3690665
1719347352.536754
1719347352.5454183
1719347352.7654483
1719347352.7813299
1719347354.9803965
1719347356.8969252
1719347356.8992054
1719347356.899419
1719347356.8997014
1719347357.081191
1719347357.3173935
1719347357.5910926
1719347357.59719
1719347357.605645
1719347357.8213854
1719347358.1186094
1719347358.1188805
1719347358.126518
1719347358.1267614
1719347358.2718499
1719347358.2736282
1719347358.2742062
1719347358.2783902
1719347359.0267873
1719347360.2085762
1719347365.4377046
1719347365.6426234
1719347365.6491828
1719347365.6492617
1719347365.6507144
1719347365.846767
1719347366.064436
1719347366.078067
1719347366.2077475
1719347366.2158282
1719347366.3148973
1719347370.7279134
1719347371.150732
1719347371.1512043
1719347371.1518166
1719347371.1556535
1719347371.4226062
1719347371.42928
1719347371.4380891
1719347371.5728488
1719347371.729364
1719347371.7399557
1719347371.842468
1719347372.0775924
1719347372.0808055
1719347372.0830595
1719347372.08366
1719347372.2805762
1719347372.2811615
1719347372.2881536
1719347372.293286
1719347372.4955537
1719347372.6549249
1719347372.8385348
1719347373.1295729
1719347373.1310773
1719347373.131155
1719347373.1337633
1719347373.3582795
1719347373.3611338
1719347373.3611772
1719347373.3616486
1719347373.5257652
1719347373.529797
1719347373.5307593
1719347373.5309703
1719347373.7634466
1719347373.7635987
1719347373.766356
1719347373.7713044
1719347374.0208826
1719347374.0284035
1719347374.0285656
1719347374.0286446
1719347374.2699037
1719347374.2700317
1719347374.2866414
1719347374.3704681
1719347374.5731027
1719347374.7879825
1719347374.8022351
1719347375.1055744
1719347375.1103506
1719347375.3456585
1719347375.3514915
1719347375.36098
1719347375.5259852
1719347375.7502415
1719347375.7502928
1719347375.7507634
1719347375.7577157
1719347376.0384645
1719347376.039347
1719347376.0455456
1719347376.0466688
1719347376.0471213
1719347380.4520142
1719347380.458474
1719347380.4593585
1719347380.4598203
1719347380.5725517
1719347381.23952
1719347384.8268514
1719347386.4330342
1719347388.0275056
1719347388.0283098
1719347388.0283473
1719347388.0297065
1719347388.170122
1719347388.1967766
1719347388.3212998
1719347388.3259695
1719347388.3377225
1719347388.4644117
1719347388.4699187
1719347388.5679862
1719347388.5755873
1719347388.77725
1719347388.7904396
1719347388.9475899
1719347388.9552343
1719347388.9627619
1719347389.3525689
1719347389.356975
1719347389.3576128
1719347389.3596723
1719347389.6209185
1719347389.635866
1719347389.6921632
1719347389.8258147
1719347389.8325927
1719347390.1187081
1719347390.1212182
1719347390.1213055
1719347390.12141
1719347391.63478
1719347396.8014674
1719347401.9418113
1719347404.982171
1719347406.3751857
1719347406.3785434
1719347406.3789067
1719347406.3816776
1719347406.5475893
1719347406.8675487
1719347406.8676577
1719347406.8765664
1719347406.8768628
1719347407.1173022
1719347407.123832
1719347407.2299254
1719347407.372503
1719347407.3859117
1719347407.659145
1719347407.6691427
1719347407.8617806
1719347407.8681254
1719347407.8775113
1719347408.2448273
1719347408.2500846
1719347408.2523537
1719347408.2535946
1719347408.5120018
1719347408.6181905
1719347408.6232276
1719347408.7930627
1719347408.7996824
1719347409.015186
1719347409.0258672
1719347409.2422242
1719347409.2495246
1719347409.3739398
1719347409.3883138
1719347409.649537
1719347409.663983
1719347409.9397752
1719347409.940254
1719347409.9414732
1719347409.9456358
1719347410.1771746
1719347410.1774118
1719347410.1798744
1719347410.1866667
1719347410.3341255
1719347410.5362487
1719347410.5484939
1719347410.8638506
1719347410.8639095
1719347410.8647676
1719347410.8714437
1719347411.0904224
1719347411.0971313
1719347411.0973854
1719347411.0992694
1719347411.3519187
1719347411.3519933
1719347411.3538542
1719347411.3589725
1719347411.5053864
1719347411.6087327
1719347411.79929
1719347411.8073738
1719347412.1062493
1719347412.2378073
1719347412.34883
1719347412.6290088
1719347412.6352117
1719347412.842616
1719347412.9449391
1719347413.0202467
1719347413.1788177
1719347413.3421447
1719347413.444173
1719347413.4524252
1719347413.5740466
1719347413.5872967
1719347413.6612427
1719347413.6665835
1719347413.7785294
1719347413.7852345
1719347413.9231532
1719347413.9284394
1719347414.0242515
1719347414.0294619
1719347414.0386055
1719347414.157054
1719347414.289809
1719347414.3034713
1719347414.398033
1719347414.4086635
1719347414.5206401
1719347418.0780327
1719347418.1732566
1719347418.1748104
1719347418.181256
1719347418.3633802
1719347418.3720055
1719347418.382218
1719347418.4093208
1719347422.6525087
1719347423.7035542
1719347425.2444358
1719347425.2445705
1719347425.2447298
1719347425.2484214
1719347425.468256
1719347425.4766288
1719347425.5699525
1719347428.9012227
1719347434.1485736
1719347437.851839
1719347439.3571465
1719347442.3792748
1719347442.381101
1719347442.3862042
1719347442.3883772
1719347442.6067657
1719347442.613163
1719347442.613163
1719347442.6132405
1719347442.7513726
1719347442.7585099
1719347442.8614724
1719347442.868169
1719347443.0387263
1719347443.1340826
1719347443.1391346
1719347443.310036
1719347443.6048386
1719347443.61016
1719347443.6106224
1719347443.6113956
1719347443.86561
1719347443.8759503
1719347443.8792458
1719347443.8798048
1719347444.1188233
1719347444.130147
1719347444.1302795
1719347444.1303725
1719347444.5679522
1719347449.3727863
1719347449.38144
1719347449.381632
1719347449.3876033
1719347449.5691833
1719347449.5696917
1719347449.5704405
1719347449.5758295
1719347449.7336345
1719347449.829697
1719347449.8392267
1719347449.9009485
1719347449.9695063
1719347450.1083946
1719347450.1186154
1719347453.0157855
1719347455.1588924
1719347456.2264333
1719347460.3080804
1719347460.7561462
1719347460.7598696
1719347460.7631576
1719347460.7634244
1719347460.9756873
1719347460.977322
1719347460.9774096
1719347460.9782858
1719347461.1514099
1719347461.1639066
1719347461.4167101
1719347461.416792
1719347461.4222202
1719347461.4227684
1719347461.6829479
1719347461.689702
1719347461.9724507
1719347461.9857206
1719347462.1403077
1719347462.2433674
1719347465.6183362
1719347467.5491285
1719347467.5540686
1719347467.5553734
1719347467.5555954
1719347467.759609
1719347467.760832
1719347467.7651792
1719347467.76651
1719347468.2769601
1719347470.8858552
1719347476.079131
1719347479.4041655
1719347481.277379
1719347483.514754
1719347484.2884297
1719347486.4994695
1719347488.92081
1719347491.7131763
1719347493.8880734
1719347493.8882449
1719347493.8894148
1719347493.8970203
1719347494.1858768
1719347494.1861246
1719347494.190233
1719347494.1946385
1719347494.425814
1719347494.5306559
1719347494.6993306
1719347494.7043214
1719347494.705273
1719347494.9322226
1719347494.9327908
1719347494.9339354
1719347494.943565
1719347495.5689695
1719347496.9398508
1719347498.7069871
1719347500.3474832
1719347500.3477566
1719347500.348191
1719347500.355413
1719347500.5543811
1719347500.5544205
1719347500.5561826
1719347500.5618334
1719347500.8045099
1719347500.830129
1719347501.022189
1719347501.2447913
1719347501.256493
1719347501.3314023
1719347502.2289596
1719347505.5752468
1719347505.575247
1719347505.5754158
1719347505.5754702
1719347505.7767804
1719347505.7805421
1719347505.7861352
1719347505.8076453
1719347507.4330328
1719347512.3511817
1719347512.3512022
1719347512.3514493
1719347512.3584807
1719347512.581902
1719347512.5820491
1719347512.5860693
1719347512.5861483
1719347512.655777
1719347512.8196156
1719347512.8269968
1719347512.9752219
1719347513.0812085
1719347513.0867205
1719347513.8941464
1719347517.9612207
1719347518.3647816
1719347518.3665118
1719347518.366942
1719347518.3708138
1719347518.5576577
1719347518.8217318
1719347518.8361773
1719347518.9464693
1719347519.0543125
1719347519.0602357
1719347519.280421
1719347519.3993535
1719347519.5900886
1719347523.207324
1719347528.4409773
1719347529.0870607
1719347531.1144137
1719347531.1159608
1719347531.1203654
1719347531.1225958
1719347531.339966
1719347531.3477507
1719347531.4682639
1719347531.5834448
1719347531.7023609
1719347531.903177
1719347532.1675065
1719347532.167617
1719347532.172984
1719347532.1859753
1719347532.4136648
1719347532.41451
1719347532.414898
1719347532.4169335
1719347532.6617024
1719347532.6656969
1719347532.6664753
1719347532.66692
1719347532.9712322
1719347532.9756353
1719347532.975838
1719347532.9799473
1719347533.721537
1719347538.1496172
1719347538.1501458
1719347538.1502426
1719347538.156821
1719347538.3909276
1719347538.3911088
1719347538.3918636
1719347538.392063
1719347538.621499
1719347538.6274552
1719347538.8090925
1719347538.939083
1719347539.1440592
1719347544.2346861
1719347544.2675421
1719347545.3099303
1719347546.5599012
1719347546.564227
1719347546.5648637
1719347546.5700963
1719347546.6675773
1719347546.672447
1719347546.7924595
1719347546.9008017
1719347547.003184
1719347547.009246
1719347547.2145956
1719347547.5374317
1719347547.6867647
1719347547.8052514
1719347548.0086336
1719347548.0234396
1719347548.1435316
1719347548.2528973
1719347549.3643212
1719347552.1956582
1719347552.1956892
1719347552.1958783
1719347552.1959336
1719347552.3974223
1719347552.4022956
1719347552.4109197
1719347552.5860546
1719347552.6010349
1719347552.79047
1719347552.799886
1719347553.1455784
1719347554.5351632
1719347557.531154
1719347557.536452
1719347557.5387561
1719347557.5418332
1719347557.7625873
1719347557.7668962
1719347557.767515
1719347557.772608
1719347557.9999323
1719347558.0005786
1719347558.0076897
1719347559.4043572
1719347559.683502
1719347562.0787733
1719347562.0863507
1719347562.0867445
1719347562.0877213
1719347562.286128
1719347562.403702
1719347562.6196742
1719347562.620124
1719347562.626878
1719347562.6287968
1719347562.8381824
1719347562.8386889
1719347563.131903
1719347563.1322677
1719347563.1356106
1719347563.1428308
1719347563.3671048
1719347563.368582
1719347563.3687806
1719347563.3785045
1719347564.9252207
1719347570.1778069
1719347570.3759394
1719347570.381008
1719347570.3823175
1719347570.3827155
1719347570.4990375
1719347570.5032647
1719347570.6082554
1719347570.615003
1719347570.844392
1719347570.990708
1719347571.1140828
1719347571.375352
1719347571.3756683
1719347571.3804123
1719347571.380604
1719347571.6186793
1719347571.625895
1719347571.6259122
1719347571.626326
1719347574.587069
1719347575.4297435
1719347580.6540084
1719347585.8466673
1719347587.7592554
1719347587.764269
1719347587.7648852
1719347587.7660325
1719347587.9725058
1719347587.9802947
1719347587.99737
1719347588.2122588
1719347588.2250874
1719347588.4696949
1719347588.4836304
1719347588.735147
1719347588.7481709
1719347589.7867024
1719347591.0586338
1719347591.5233765
1719347594.1114898
1719347594.11246
1719347594.1193554
1719347594.1204672
1719347594.381634
1719347594.3840082
1719347594.3849747
1719347594.3977332
1719347594.5971744
1719347594.5978935
1719347594.6016002
1719347594.609242
1719347596.3346426
1719347601.4900537
1719347604.9614906
1719347605.555094
1719347605.5551794
1719347605.5596623
1719347605.5597034
1719347605.7614844
1719347605.761593
1719347605.7651286
1719347605.7651577
1719347606.0193117
1719347606.0199008
1719347606.0225484
1719347606.028791
1719347606.2413142
1719347606.2426314
1719347606.2428346
1719347606.246678
1719347606.4805741
1719347606.49087
1719347606.6092236
1719347606.6514528
1719347611.988968
1719347611.997239
1719347611.9973118
1719347611.9974494
1719347612.0346282
1719347612.1231065
1719347612.2244148
1719347612.2334158
1719347612.3779905
1719347612.6678658
1719347612.676941
1719347612.688818
1719347612.9303992
1719347612.948751
1719347617.3912518
1719347617.5383253
1719347617.5389676
1719347617.5443149
1719347617.7695749
1719347617.7697263
1719347617.7699287
1719347617.7708066
1719347618.0155718
1719347618.0161583
1719347618.0212915
1719347618.0215187
1719347618.2666442
1719347620.1501703
1719347621.3289075
1719347621.3289785
1719347621.3319967
1719347621.3360744
1719347621.5985477
1719347621.5996203
1719347621.5999358
1719347621.6011002
1719347621.8010144
1719347621.8023195
1719347621.8061743
1719347621.810744
1719347622.0275955
1719347622.0357146
1719347622.052127
1719347622.2441256
1719347622.3298905
1719347622.345286
1719347622.4115193
1719347622.5247812
1719347622.5290024
1719347622.6153896
1719347622.62345
1719347622.6557443
1719347622.8282933
1719347623.061551
1719347623.067656
1719347623.0761309
1719347623.3836665
1719347623.3986022
1719347623.5405128
1719347623.5462468
1719347623.7324004
1719347623.7457645
1719347624.0218413
1719347624.0219364
1719347624.0220785
1719347624.0248423
1719347624.278477
1719347624.2917418
1719347627.9099991
1719347627.9130611
1719347627.9145517
1719347627.917722
1719347628.0025368
1719347628.1729748
1719347628.1787837
1719347628.381939
1719347628.49932
1719347633.3042367
1719347633.7686818
1719347633.774086
1719347633.7762532
1719347633.7763186
1719347633.9830592
1719347633.9839087
1719347633.9908402
1719347633.9908702
1719347634.286675
1719347634.2891371
1719347634.2926846
1719347634.308446
1719347634.5531425
1719347634.553416
1719347634.553492
1719347634.5599508
1719347637.6899877
1719347638.5808334
1719347640.401132
1719347643.7858286
1719347645.3481247
1719347645.3524165
1719347645.3537753
1719347645.3541052
1719347645.607105
1719347645.7569592
1719347646.0635147
1719347646.0643768
1719347646.0674803
1719347646.0681837
1719347646.4905477
1719347646.4972763
1719347646.4988284
1719347646.4995756
1719347646.6664863
1719347646.6702912
1719347646.6788461
1719347649.002693
1719347651.9673812
1719347651.9741466
1719347651.974269
1719347651.9750774
1719347652.189363
1719347652.1947105
1719347652.413266
1719347652.4221969
1719347652.4224203
1719347652.4224958
1719347652.688446
1719347652.6959565
1719347652.92542
1719347652.9954994
1719347653.174437
1719347654.262788
1719347657.9332485
1719347657.941654
1719347657.9426754
1719347657.9484327
1719347658.1691687
1719347658.1699843
1719347658.1712635
1719347658.1755016
1719347658.397263
1719347658.605413
1719347659.56366
1719347664.743393
1719347664.747709
1719347664.7481723
1719347664.7583857
1719347664.8173592
1719347664.9330983
1719347664.939994
1719347665.2390587
1719347665.239477
1719347665.2430403
1719347665.2457123
1719347665.3933547
1719347665.41941
1719347665.574145
1719347665.687576
1719347666.0063913
1719347666.0123148
1719347666.2130706
1719347666.2191231
1719347666.2278285
1719347666.4016557
1719347666.4071112
1719347666.6724005
1719347666.6785889
1719347666.9258223
1719347666.9306471
1719347667.2170033
1719347667.2188714
1719347667.2226422
1719347667.2247949
1719347667.3585093
1719347667.359747
1719347667.4582913
1719347667.7163858
1719347667.7178757
1719347667.7179494
1719347667.7214236
1719347668.3141325
1719347670.0747838
1719347673.1284983
1719347673.1287942
1719347673.1376932
1719347673.1378505
1719347673.297479
1719347673.3017545
1719347675.2839158
1719347680.5640748
1719347683.4770834
1719347683.9082184
1719347683.9156888
1719347683.916525
1719347683.9202428
1719347684.1191506
1719347684.125846
1719347684.1342657
1719347684.398659
1719347684.4060278
1719347684.491621
1719347684.4984558
1719347684.756165
1719347684.7563763
1719347684.7613995
1719347684.762874
1719347685.011851
1719347685.0170803
1719347685.0189323
1719347685.0228071
1719347685.2259796
1719347685.2406805
1719347685.5123742
1719347685.516897
1719347685.8010278
1719347689.948581
1719347689.9505303
1719347689.9553795
1719347689.9578147
1719347690.2071111
1719347690.2074137
1719347690.214554
1719347690.2150831
1719347690.436938
1719347690.443286
1719347690.4441226
1719347690.44536
1719347690.6708734
1719347690.9465444
1719347690.9544377
1719347690.9700346
1719347691.0397997
1719347696.3315816
1719347697.4512165
1719347698.7830904
