1719254912.4121509
1719254912.934807
1719254913.4573784
1719254913.9799693
1719254914.50231
1719254915.0248601
1719254915.5474193
1719254916.0700107
1719254916.5926757
1719254917.115269
1719254917.6378276
1719254918.1603577
1719254918.6829548
1719254919.205559
----------
1719254934.49296
1719254935.015581
1719254935.5382915
----------
1719254939.8708231
----------
1719254944.843936
1719254945.36634
1719254945.8889074
1719254946.411445
1719254946.9341195
1719254947.4566672
1719254947.9792652
----------
1719254954.1802037
1719254954.7028754
----------
1719254960.6450486
1719254961.1676607
1719254961.6902387
1719254962.212808
----------
1719254967.5837996
1719254968.1061878
1719254968.628784
----------
1719254974.95424
1719254975.4767601
----------
1719254981.3970504
----------
1719254987.3548791
----------
1719254998.3974743
----------
1719255008.6743348
1719255009.1969874
1719255009.7195282
1719255010.2421374
1719255010.764667
----------
1719255015.350348
1719255015.8729532
1719255016.3955095
1719255016.9180813
----------
1719255023.761048
1719255024.2853048
1719255024.8078852
----------
1719255031.1953628
1719255031.7179754
1719255032.2406344
----------
1719255035.014359
1719255035.5369134
1719255036.0591924
1719255036.5817587
----------
1719255040.815371
1719255041.3443272
----------
1719255046.5629852
1719255047.0859
1719255047.6112914
----------
1719255052.977755
1719255053.5003352
1719255054.0227795
1719255054.5453672
----------
1719255059.182281
1719255059.705247
1719255060.2277966
1719255060.7513008
1719255061.273846
----------
1719255065.3797538
1719255065.9022558
1719255066.4256053
1719255066.948213
1719255067.47076
1719255067.9933803
----------
1719255072.93247
1719255073.4551196
----------
1719255078.0083458
1719255078.5309675
1719255079.0535762
1719255079.576112
----------
1719255082.3839376
1719255082.9063199
1719255083.4289348
1719255083.9528139
1719255084.475079
1719255084.997643
1719255085.5202267
1719255086.0427725
1719255086.5652833
1719255087.0878065
1719255087.6105113
1719255088.133114
1719255088.6556883
1719255089.1782844
1719255089.700848
1719255090.2234328
1719255090.7458122
1719255091.2683806
1719255091.7926655
1719255092.3152454
----------
1719255096.5949707
1719255097.1175036
----------
1719255101.7064588
1719255102.2290516
1719255102.751665
1719255103.2742016
1719255103.7967114
1719255104.3192728
----------
1719255109.8554423
1719255110.3780112
1719255110.9007862
1719255111.4233134
1719255111.945809
----------
1719255116.9162452
1719255117.439237
1719255117.9629197
1719255118.486077
1719255119.0086887
----------
1719255123.6721346
1719255124.1944842
1719255124.717005
----------
1719255138.518288
1719255139.0408928
1719255139.563457
----------
