1719254913.308838
1719254913.8314183
1719254914.354038
1719254914.8766418
1719254915.3991892
1719254915.921794
1719254916.4443498
1719254916.9668858
1719254917.4895086
1719254918.012056
1719254918.534223
1719254919.0567803
1719254919.579302
1719254920.2708755
----------
1719254934.7021472
1719254935.2304337
1719254935.7530644
1719254936.2886097
1719254936.811164
----------
1719254940.2841995
1719254940.8066957
----------
1719254945.2523801
1719254945.7749245
1719254946.2976525
1719254946.8201797
1719254947.3427856
1719254947.8654108
1719254948.388043
1719254948.910244
----------
1719254961.2677138
1719254961.7903385
1719254962.3203106
1719254962.84288
----------
1719254967.7070417
1719254968.2378383
1719254968.7604036
----------
1719254975.2949495
1719254975.8174825
1719254976.3400087
----------
1719254981.7336154
1719254982.2585046
----------
1719255009.2841022
1719255009.80624
1719255010.3288083
1719255010.8514342
1719255011.3739858
----------
1719255015.7676437
1719255016.306207
1719255016.8288026
1719255017.3514075
----------
1719255024.3162901
1719255024.838851
1719255025.3613877
----------
1719255031.7270339
1719255032.2742035
1719255032.7968016
----------
1719255035.2806904
1719255035.8032303
1719255036.3258417
1719255036.8484118
----------
1719255041.279074
1719255041.8017352
----------
1719255046.780636
1719255047.305596
1719255047.8282828
1719255048.3508463
----------
1719255053.2793684
1719255053.8019564
1719255054.3245528
1719255054.8471599
----------
1719255059.7228966
1719255060.2454596
1719255060.7680044
1719255061.2902257
1719255061.8127327
----------
1719255065.6674955
1719255066.2274792
1719255066.7500994
1719255067.2726977
1719255067.7954822
1719255068.3232296
1719255068.8458064
----------
1719255073.2438293
1719255073.7662423
1719255074.294077
----------
1719255078.3231573
1719255078.8457415
1719255079.368314
1719255079.8908978
----------
1719255082.717562
1719255083.249161
1719255083.7717211
1719255084.2942233
1719255084.8163855
1719255085.3389552
1719255085.8614986
1719255086.3840969
1719255086.9061632
1719255087.4287589
1719255087.951364
1719255088.4739926
1719255088.9964576
1719255089.5190828
1719255090.0416243
1719255090.5643148
1719255091.208552
1719255091.743783
1719255092.2879877
1719255092.8102868
1719255093.3329108
----------
1719255096.6727262
1719255097.1958966
1719255097.7256405
----------
1719255102.2802827
1719255102.8028598
1719255103.3249252
1719255103.8475654
1719255104.3701103
----------
1719255110.2212486
1719255110.743875
1719255111.2663362
1719255111.7887874
1719255112.3113034
----------
1719255117.2871513
1719255117.8096344
1719255118.3318024
1719255118.8542435
1719255119.3768048
----------
1719255124.3322835
1719255124.8548717
1719255125.377382
----------
1719255138.753553
1719255139.2762525
1719255139.7988267
1719255140.3291373
----------
