1719255374.042882
1719255374.5654569
1719255375.0880702
----------
1719255377.6536143
1719255378.1762173
----------
1719255381.9057841
1719255382.4283214
----------
1719255388.1824028
1719255388.7048934
1719255389.2274399
----------
1719255393.337612
1719255393.8602102
1719255394.3827343
----------
1719255398.51753
1719255399.0400922
1719255399.5622928
1719255400.0848777
1719255400.6074915
1719255401.1301801
1719255401.6548636
1719255402.1786778
1719255402.7012727
1719255403.223742
1719255403.746226
----------
1719255416.332204
1719255416.8547626
1719255417.3774757
1719255417.9000826
1719255418.4222808
1719255418.9447944
1719255419.4674172
1719255419.9903967
1719255420.5129554
----------
1719255429.1937897
1719255429.7163537
1719255430.238888
1719255430.761598
1719255431.2852888
1719255431.8078032
1719255432.3303592
1719255432.8528988
1719255433.375448
1719255433.8980026
1719255434.4205585
----------
1719255445.3150375
1719255445.837627
1719255446.3601038
1719255446.8861907
1719255447.4087338
1719255447.9313533
1719255448.4535797
1719255448.9761863
1719255449.4987776
----------
1719255458.3631084
1719255458.8856652
1719255459.408241
1719255459.9307692
----------
1719255466.4788766
1719255467.001558
1719255467.5240965
1719255468.046227
1719255468.5688477
1719255469.0914295
1719255469.6140034
1719255470.1365674
1719255470.6591015
----------
1719255479.4790452
1719255480.0017447
1719255480.5242648
1719255481.0468335
1719255481.5693805
1719255482.0919678
1719255482.6142213
----------
1719255489.2550144
1719255489.777633
1719255490.3007095
1719255490.823253
1719255491.3459024
1719255491.8684444
1719255492.3910553
----------
1719255501.178402
1719255501.7009404
1719255502.223535
1719255502.7462134
1719255503.2687404
1719255503.7913482
----------
1719255513.7257001
1719255514.2482147
1719255514.770773
1719255515.2933748
1719255515.8159373
1719255516.3382602
1719255516.8608696
1719255517.3834672
1719255517.9060566
----------
1719255528.7437787
1719255529.266183
1719255529.7887146
1719255530.310939
1719255530.833516
----------
1719255534.2719414
1719255534.7942152
1719255535.316434
1719255535.838944
1719255536.362384
1719255536.8849432
1719255537.4075499
----------
1719255545.1491709
1719255545.6717737
1719255546.1941855
1719255546.716864
1719255547.2394578
1719255547.762056
1719255548.2843554
----------
1719255556.503423
1719255557.025989
1719255557.5485709
1719255558.0711398
1719255558.593692
1719255559.116239
1719255559.6388085
1719255560.1614192
----------
1719255567.0468874
1719255567.5699968
1719255568.0926433
1719255568.6152217
1719255569.1378279
1719255569.6604102
----------
1719255577.742239
1719255578.2647843
1719255578.787404
1719255579.3099651
1719255579.8325522
----------
1719255583.2987778
1719255583.8213274
1719255584.3438737
1719255584.866184
1719255585.3887374
1719255585.9113104
1719255586.4338324
1719255586.9564254
1719255587.478999
1719255588.0015771
1719255588.5242107
1719255589.0467432
----------
1719255595.6894217
1719255596.21598
1719255596.7381928
1719255597.2607186
1719255597.7832634
1719255598.3058186
1719255598.8284476
1719255599.3510475
1719255599.873594
1719255600.3962467
1719255600.9187806
----------
1719255608.872695
1719255609.3952487
1719255609.917826
1719255610.4404576
1719255610.962977
1719255611.4853997
1719255612.0078795
1719255612.5304973
1719255613.0530074
----------
1719255623.5962627
1719255624.1188607
1719255624.6413963
1719255625.1640704
1719255625.686152
1719255626.2087102
1719255626.7312064
----------
1719255637.3922825
1719255637.9148016
1719255638.4373977
1719255638.9599655
----------
1719255644.9649177
1719255645.4875126
1719255646.0100682
1719255646.5349693
1719255647.0575
1719255647.5800273
1719255648.10228
1719255648.6248968
1719255649.1475775
1719255649.6701648
1719255650.1927395
----------
1719255657.700513
1719255658.2231352
1719255658.7456775
1719255659.2690127
1719255659.7916124
1719255660.3141618
1719255660.836709
1719255661.3592992
1719255661.8819318
1719255662.404666
1719255662.9272056
1719255663.4498117
1719255663.9723861
1719255664.4949412
1719255665.0175917
----------
1719255674.8628385
1719255675.3854203
1719255675.9079895
1719255676.430189
1719255676.9527946
1719255677.4754674
1719255677.9979968
1719255678.5205412
1719255679.043091
1719255679.565705
1719255680.0882998
----------
1719255687.018697
1719255687.541307
1719255688.0638983
1719255688.5862825
1719255689.1088364
1719255689.6314473
1719255690.15407
1719255690.676846
1719255691.1994352
----------
