1719255374.518353
1719255375.0421667
1719255375.5647237
----------
1719255378.0212119
1719255378.5437534
1719255379.066223
----------
1719255382.5346186
1719255383.0573108
----------
1719255388.4815974
1719255389.014579
1719255389.5371525
1719255390.059708
----------
1719255393.4650753
1719255393.9877112
1719255394.5139163
1719255395.0636456
1719255395.58616
----------
1719255399.1292582
1719255399.651863
1719255400.1741765
1719255400.6967502
1719255401.2192233
1719255401.7418385
1719255402.2644968
1719255402.787086
1719255403.309589
1719255403.8321056
1719255404.4270768
1719255404.9776645
----------
1719255416.570786
1719255417.0933409
1719255417.6159549
1719255418.1381793
1719255418.6607187
1719255419.183261
1719255419.7058928
1719255420.228394
1719255420.7509196
1719255421.2734823
----------
1719255429.5157375
1719255430.0382438
1719255430.5608788
1719255431.0882063
1719255431.706301
1719255432.2288804
1719255432.7514923
1719255433.2740462
1719255433.7966454
1719255434.3192368
1719255434.9697838
1719255435.4979773
----------
1719255445.5204456
1719255446.0451007
1719255446.598023
1719255447.120293
1719255447.6429
1719255448.1656249
1719255448.6882856
1719255449.2109075
1719255449.7335298
1719255450.2558706
1719255450.7782102
----------
1719255459.024203
1719255459.5467305
1719255460.0693529
1719255460.591956
----------
1719255466.9377115
1719255467.4624102
1719255467.9971666
1719255468.5197291
1719255469.0422223
1719255469.564577
1719255470.0871434
1719255470.609497
1719255471.1321023
1719255471.654197
----------
1719255480.4570508
1719255480.9973283
1719255481.5200279
1719255482.0422237
1719255482.5647793
1719255483.087621
1719255483.610251
----------
1719255489.536128
1719255490.058297
1719255490.5809193
1719255491.1034465
1719255491.6260114
1719255492.1481385
1719255492.6709034
1719255493.1934521
----------
1719255501.4756374
1719255502.0067058
1719255502.5292854
1719255503.0518584
1719255503.57431
1719255504.0969243
1719255504.6195183
----------
1719255513.9374988
1719255514.4599802
1719255514.9821754
1719255515.5047262
1719255516.0272746
1719255516.5498724
1719255517.0726151
1719255517.5951717
1719255518.1176832
1719255518.64023
----------
1719255528.978066
1719255529.5005846
1719255530.0239906
1719255530.546279
1719255531.079707
----------
1719255534.434557
1719255535.0368867
1719255535.559443
1719255536.0819643
1719255536.6044502
1719255537.1270719
1719255537.6496692
1719255538.1721995
1719255538.6948757
----------
1719255545.5104575
1719255546.03306
1719255546.555565
1719255547.082816
1719255547.6054106
1719255548.1279314
1719255548.650201
1719255549.1728594
1719255549.6953857
----------
1719255556.9487884
1719255557.4833097
1719255558.0151973
1719255558.5377252
1719255559.060344
1719255559.582883
1719255560.105526
1719255560.6280687
1719255561.1501837
----------
1719255567.4453986
1719255567.9680407
1719255568.4902062
1719255569.0127985
1719255569.535385
1719255570.0580113
----------
1719255578.0642161
1719255578.5864956
1719255579.1090412
1719255579.6316235
1719255580.1542115
1719255580.67683
----------
1719255583.4891365
1719255584.0207794
1719255584.5433202
1719255585.0856605
1719255585.608205
1719255586.1307576
1719255586.653356
1719255587.1759274
1719255587.6981866
1719255588.2207472
1719255588.743276
1719255589.2658412
1719255589.7883704
----------
1719255596.0249217
1719255596.5476954
1719255597.0816514
1719255597.6042562
1719255598.1268344
1719255598.6493773
1719255599.1719186
1719255599.6943023
1719255600.216841
1719255600.7393777
1719255601.261937
1719255601.7843707
1719255602.3069541
----------
1719255609.4877615
1719255610.011604
1719255610.534273
1719255611.056791
1719255611.5793056
1719255612.107246
1719255612.629809
1719255613.1523812
1719255613.6750262
----------
1719255624.0307794
1719255624.5533044
1719255625.0758426
1719255625.5981543
1719255626.120701
1719255626.681529
1719255627.2041543
1719255627.726726
----------
1719255637.4935994
1719255638.0156398
1719255638.5379257
1719255639.06053
1719255639.5830157
1719255640.1055934
----------
1719255645.4707384
1719255645.9933138
1719255646.5159082
1719255647.0382195
1719255647.5607944
1719255648.0834394
1719255648.606026
1719255649.128709
1719255649.6512778
1719255650.173896
1719255650.6965027
----------
1719255657.9692028
1719255658.4977322
1719255659.020291
1719255659.5429094
1719255660.065467
1719255660.5880272
1719255661.1102643
1719255661.6328816
1719255662.155551
1719255662.6781263
1719255663.2007213
1719255663.7232835
1719255664.2459116
1719255664.7684872
1719255665.2909825
1719255665.813512
1719255666.3361478
----------
1719255675.503099
1719255676.032804
1719255676.5554414
1719255677.078025
1719255677.6003785
1719255678.1230054
1719255678.645519
1719255679.16808
1719255679.6902618
1719255680.2128928
1719255680.7354207
1719255681.2579572
----------
1719255687.4391134
1719255688.008907
1719255688.5314307
1719255689.054024
1719255689.5765793
1719255690.0991814
1719255690.621707
1719255691.1442196
1719255691.6668148
1719255692.1893473
----------
