1719254912.6458511
1719254912.795559
1719254912.9178514
1719254913.0595973
1719254913.2430305
1719254913.40423
1719254913.5378752
1719254913.6866162
1719254913.8248796
1719254913.9735844
1719254914.1912396
1719254914.3557432
1719254914.4872968
1719254914.6145506
1719254914.8012364
1719254914.960615
1719254915.0828485
1719254915.2389503
1719254915.3956976
1719254915.5223105
1719254915.6758952
1719254915.819231
1719254915.9468956
1719254916.0745406
1719254916.2738996
1719254916.415926
1719254916.5738025
1719254916.7131724
1719254916.8494213
1719254916.9931839
1719254917.1154258
1719254917.2485256
1719254917.3924665
1719254917.5395007
1719254917.6787777
1719254917.8178573
1719254917.9948854
1719254918.1691315
1719254918.325875
1719254918.4547317
1719254918.5876117
1719254918.7460673
1719254918.8749673
1719254919.0202072
1719254919.2282019
1719254919.3638635
1719254919.4869611
1719254919.6417258
1719254919.7712123
----------
1719254934.5688963
1719254934.72307
1719254934.8452144
1719254935.0163605
1719254935.1436605
1719254935.276124
1719254935.4002562
1719254935.5463114
1719254935.7178745
1719254935.87641
----------
1719254940.0979042
1719254940.2766886
1719254940.4054627
----------
1719254945.1018138
1719254945.245609
1719254945.3816483
1719254945.7058883
1719254945.833958
1719254945.9604402
1719254946.0961897
1719254946.2484
1719254946.3968487
1719254946.5190673
1719254946.673867
1719254946.8283043
1719254946.9862628
1719254947.2011418
1719254947.3583653
1719254947.499018
1719254947.6277306
1719254947.7499864
1719254947.8724003
1719254948.011533
1719254948.1750946
1719254948.3462586
1719254948.4711406
1719254948.6028607
1719254948.725071
1719254948.8521507
----------
1719254954.5193167
1719254954.693262
1719254954.8230023
1719254954.962612
1719254955.0876245
----------
1719254960.9751225
1719254961.1376255
1719254961.2717965
1719254961.4077115
1719254961.5305953
1719254961.665253
1719254961.8073967
1719254961.9563208
1719254962.0836718
1719254962.2703688
1719254962.4167833
1719254962.5534666
1719254962.712748
1719254962.8669355
----------
1719254967.842443
1719254967.9775865
1719254968.1576316
1719254968.3249652
1719254968.447112
1719254968.5694373
1719254968.7361252
1719254968.8840702
1719254969.1018345
1719254969.255077
----------
1719254975.254535
1719254975.404885
1719254975.5520372
1719254975.7278419
1719254975.8654356
1719254975.992341
1719254976.1687334
1719254976.3109791
----------
1719254981.7575636
1719254981.8857064
1719254982.2026987
1719254982.3656075
----------
1719254987.643387
1719254987.7924557
1719254987.9146678
1719254988.0419927
1719254988.179634
1719254988.318734
----------
1719254998.548691
1719254998.7652404
1719254998.8930988
----------
1719255008.8613424
1719255008.9965127
1719255009.2435248
1719255009.4136417
1719255009.5726435
1719255009.7356622
1719255009.8749948
1719255010.0023308
1719255010.1611717
1719255010.2832985
1719255010.4082744
1719255010.5355284
1719255010.6906874
1719255010.8231673
1719255010.9641268
1719255011.1642675
----------
1719255015.5768356
1719255015.7525558
1719255015.890864
1719255016.0340328
1719255016.1986732
1719255016.3327186
1719255016.4576101
1719255016.6037927
1719255016.7676346
1719255016.9000502
1719255017.0721042
1719255017.2470272
1719255017.370087
----------
1719255023.935496
1719255024.0683494
1719255024.2408614
1719255024.437502
1719255024.5920496
1719255024.7496917
1719255024.8856325
1719255025.011506
1719255025.1353962
1719255025.2578926
1719255025.381777
1719255025.5347345
----------
1719255031.5120869
1719255031.6728456
1719255031.8040135
1719255031.9445882
1719255032.0705123
1719255032.2791193
1719255032.4471917
----------
1719255035.320748
1719255035.4500113
1719255035.5721486
1719255035.703199
1719255035.8415844
1719255035.963809
1719255036.1653988
1719255036.353481
1719255036.4758525
1719255036.5979896
1719255036.7368813
1719255036.8752978
1719255037.0610864
----------
1719255041.0155368
1719255041.2377021
1719255041.3804455
1719255041.5794065
1719255041.7016013
1719255041.8918562
1719255042.0217822
----------
1719255046.8183014
1719255046.9615738
1719255047.0847356
1719255047.236816
1719255047.3800313
1719255047.5223773
1719255047.693468
1719255047.8296485
1719255047.957884
1719255048.1181931
1719255048.2989235
1719255048.4271653
----------
1719255053.1982923
1719255053.3574781
1719255053.4878488
1719255053.6167064
1719255053.7426238
1719255053.9348478
1719255054.1218498
1719255054.273838
1719255054.3960197
1719255054.5589383
1719255054.736865
1719255054.8765152
----------
1719255059.4692314
1719255059.6418056
1719255059.7639756
1719255059.9154565
1719255060.1650898
1719255060.3352401
1719255060.485164
1719255060.6423113
1719255060.768254
1719255060.9118896
1719255061.0761964
1719255061.2106009
1719255061.3586826
1719255061.4985127
1719255061.6258101
1719255061.7617242
----------
1719255065.5161428
1719255065.7003686
1719255065.8482175
1719255066.009647
1719255066.1995034
1719255066.3554077
1719255066.4821503
1719255066.7487006
1719255066.872695
1719255066.9967513
1719255067.1503234
1719255067.2794886
1719255067.403162
1719255067.5361397
1719255067.7349827
1719255067.8737378
1719255067.9962242
1719255068.159899
1719255068.2851186
1719255068.4381652
1719255068.5628731
1719255068.750232
----------
1719255073.0145524
1719255073.196551
1719255073.3597648
1719255073.5045063
1719255073.675975
1719255073.8213568
1719255073.9435682
----------
1719255078.260084
1719255078.4026165
1719255078.5657623
1719255078.7443404
1719255078.8665364
1719255078.9960835
1719255079.1280017
1719255079.26132
1719255079.3946576
1719255079.5262547
1719255079.7159808
1719255079.8738346
----------
1719255082.8149848
1719255082.9415188
1719255083.1967542
1719255083.3668559
1719255083.489057
1719255083.6162858
1719255083.7439547
1719255083.88501
1719255084.1379004
1719255084.2813747
1719255084.4086704
1719255084.5350885
1719255084.6911185
1719255084.8185637
1719255084.9466286
1719255085.1658156
1719255085.3666816
1719255085.5265222
1719255085.670517
1719255085.7995198
1719255085.9381442
1719255086.0659177
1719255086.19137
1719255086.3234155
1719255086.4623244
1719255086.664624
1719255086.7983732
1719255086.9284441
1719255087.0990002
1719255087.222388
1719255087.3668036
1719255087.5559034
1719255087.7356162
1719255087.8647017
1719255088.0496716
1719255088.2711248
1719255088.4365182
1719255088.5649977
1719255088.695717
1719255088.8188474
1719255088.94124
1719255089.141844
1719255089.275944
1719255089.4019866
1719255089.5475338
1719255089.7434294
1719255089.8781965
1719255090.0054772
1719255090.1665301
1719255090.302397
1719255090.4363894
1719255090.5599585
1719255090.7238455
1719255090.8531463
1719255090.9813259
1719255091.216117
1719255091.3913522
1719255091.5538237
1719255091.7178538
1719255091.8400207
1719255091.9663563
1719255092.1572087
1719255092.2855322
1719255092.409521
1719255092.5588584
1719255092.7476077
1719255092.933452
----------
1719255096.6540484
1719255096.8174434
1719255096.979219
1719255097.1717703
1719255097.349378
1719255097.4958131
----------
1719255102.0482707
1719255102.222489
1719255102.3457575
1719255102.5085566
1719255102.6336176
1719255102.7604537
1719255102.8891592
1719255103.034539
1719255103.2027824
1719255103.343317
1719255103.4726162
1719255103.663857
1719255103.8337831
1719255103.9672215
1719255104.2258644
1719255104.3601153
1719255104.517685
1719255104.6843805
----------
1719255110.0240636
1719255110.1889
1719255110.331124
1719255110.4719543
1719255110.6053698
1719255110.7594564
1719255110.8901062
1719255111.018625
1719255111.194268
1719255111.3384755
1719255111.5042515
1719255111.6628153
1719255111.810745
1719255111.98942
1719255112.1744857
1719255112.2976863
1719255112.43926
1719255112.5907948
----------
1719255117.3590102
1719255117.4811723
1719255117.6378486
1719255117.765215
1719255117.9324007
1719255118.1176424
1719255118.2423148
1719255118.3739402
1719255118.5595882
1719255118.7373376
1719255118.891802
1719255119.1189585
1719255119.2807057
1719255119.409525
1719255119.5368285
1719255119.6985922
----------
1719255123.9416478
1719255124.0747774
1719255124.2640429
1719255124.424681
1719255124.5827222
1719255124.710492
1719255124.8493588
1719255124.9715998
1719255125.1236198
1719255125.2519414
----------
1719255138.8451843
1719255138.9716616
1719255139.1304996
1719255139.256109
1719255139.3820567
1719255139.5299187
1719255139.657366
1719255139.7796707
1719255139.9359317
1719255140.0607228
1719255140.2609487
----------
