1719255395.0957174
1719255397.118263
----------
1719255403.012234
1719255405.043287
----------
1719255419.0407877
1719255421.0648491
1719255423.0941033
----------
1719255431.0916908
1719255433.1141796
1719255435.1382306
1719255437.1623304
----------
1719255449.0700853
1719255451.0942392
----------
1719255471.0620303
1719255473.0841954
----------
1719255483.1041222
1719255485.128288
----------
1719255491.0997827
1719255493.1222181
----------
1719255547.104577
1719255549.128736
----------
1719255569.0878701
1719255571.1234767
----------
1719255585.101902
1719255587.1254272
1719255589.1494331
1719255591.173487
----------
1719255601.0802722
1719255603.1044145
----------
1719255613.0317485
1719255615.058009
1719255617.0857527
----------
1719255639.100267
1719255641.1243584
----------
1719255649.0091197
1719255651.0427094
1719255653.0898397
----------
1719255663.0882266
1719255665.1122782
1719255667.1363738
----------
1719255677.1047196
1719255679.1288588
----------
1719255691.13692
1719255693.16104
----------
