1719354962.2902563
1719354968.9024067
1719354973.820144
1719354974.088167
1719354979.3300748
1719354984.467931
1719354989.0184035
1719354989.755758
1719354995.180469
1719355000.67004
1719355004.4560459
1719355005.8053203
1719355010.9305146
1719355013.243169
1719355013.2472467
1719355013.249446
1719355013.2497268
1719355013.3991027
1719355013.4043062
1719355013.4051957
1719355013.4997447
1719355016.1199
1719355016.256759
1719355016.2575002
1719355016.2639413
1719355016.26445
1719355016.5315347
1719355016.53278
1719355016.5368085
1719355016.5369797
1719355016.9206598
1719355016.922057
1719355016.9225967
1719355016.9236062
1719355019.4832416
1719355019.4832873
1719355019.4843192
1719355019.4900117
1719355019.7583995
1719355019.7593892
1719355019.7601297
1719355019.7603538
1719355019.8233402
1719355019.9905806
1719355019.9967234
1719355019.9989989
1719355020.0856829
1719355020.234881
1719355020.2395186
1719355020.375351
1719355020.3809083
1719355020.3817225
1719355020.597134
1719355020.5978174
1719355020.6009436
1719355020.6012962
1719355020.602553
1719355020.6028452
1719355020.60296
1719355020.7970269
1719355020.8020906
1719355020.803455
1719355020.8067062
1719355020.9173443
1719355020.9181254
1719355020.9227898
1719355020.9241834
1719355021.4703333
1719355026.6102014
1719355026.8223734
1719355031.904383
1719355035.0531034
1719355037.0744295
1719355037.1459513
1719355038.8001616
1719355038.8004847
1719355038.808849
1719355038.8096457
1719355039.0027676
1719355039.0037403
1719355039.0089636
1719355039.177356
1719355039.1809027
1719355039.1810982
1719355039.1822786
1719355039.1832008
1719355039.3018382
1719355039.3021307
1719355039.3021998
1719355039.3032153
1719355039.4634461
1719355039.4643853
1719355039.464619
1719355039.464906
1719355039.7708583
1719355039.7760403
1719355039.7781665
1719355039.778367
1719355042.3045943
1719355045.2122211
1719355045.217217
1719355045.218754
1719355045.2192056
1719355045.4044485
1719355045.409825
1719355045.41016
1719355045.4103
1719355045.7887182
1719355045.789485
1719355045.7897313
1719355045.7908256
1719355047.7027812
1719355049.1264997
1719355049.1278362
1719355049.1337926
1719355049.1343844
1719355049.3078487
1719355049.3129156
1719355049.3139286
1719355049.3148515
1719355049.4841297
1719355049.4904783
1719355049.4907074
1719355049.4908793
1719355052.0883253
1719355052.095425
1719355052.0956242
1719355052.0961103
1719355052.3728383
1719355052.3738012
1719355052.3748298
1719355052.3803027
1719355052.3804924
1719355052.90918
1719355058.2561157
1719355063.396489
1719355063.8765082
1719355063.8774648
1719355063.8783057
1719355063.8840477
1719355064.0808513
1719355064.0884387
1719355064.2094755
1719355064.210891
1719355064.3848722
1719355064.3894324
1719355064.3894765
1719355064.389829
1719355064.7530632
1719355064.753811
1719355064.7589998
1719355064.760087
1719355067.693433
1719355068.6882277
1719355070.5841742
1719355070.5851552
1719355070.5896676
1719355070.5900586
1719355070.7133784
1719355070.821158
1719355070.8233562
1719355070.823781
1719355071.058276
1719355071.059963
1719355071.0605478
1719355071.0610216
1719355071.217404
1719355071.2187839
1719355071.219498
1719355071.222801
1719355071.3342772
1719355073.9002402
1719355076.7763286
1719355076.7764297
1719355076.7773118
1719355076.7774315
1719355077.1194084
1719355077.1197157
1719355077.1200414
1719355077.121955
1719355077.122063
1719355077.2152934
1719355077.2218063
1719355077.2220912
1719355077.389022
1719355077.3943288
1719355077.3963082
1719355077.3969502
1719355077.5542147
1719355077.5544102
1719355077.5550303
1719355077.5551248
1719355077.9168322
1719355078.0223353
1719355078.0261273
1719355078.0274093
1719355079.0464985
1719355079.3188765
1719355082.8796473
1719355083.2803433
1719355083.281459
1719355083.2825148
1719355083.2884483
1719355083.5740807
1719355083.5762355
1719355083.576657
1719355083.579716
1719355084.396194
1719355089.7619746
1719355089.7625158
1719355089.7633832
1719355089.7636225
1719355089.7955978
1719355089.982203
1719355089.9826128
1719355089.982991
1719355089.988163
1719355090.2542586
1719355090.2543855
1719355090.2549083
1719355090.2613823
1719355094.935357
1719355095.8742483
1719355095.8805807
1719355095.9796488
1719355095.986022
1719355096.2544084
1719355096.2572396
1719355096.4167016
1719355096.4199684
1719355096.4240565
1719355096.4250207
1719355096.5389633
1719355096.544272
1719355096.6584907
1719355096.6588697
1719355096.6634572
1719355096.7930322
1719355096.793433
1719355096.7987132
1719355096.8000126
1719355096.8004928
1719355096.93909
1719355096.9434686
1719355096.9444044
1719355096.9444885
1719355097.1045325
1719355097.1045945
1719355097.1050034
1719355097.105126
1719355098.0805676
1719355098.3567111
1719355100.0704265
1719355105.268971
1719355108.4391468
1719355108.4456663
1719355108.447003
1719355108.44723
1719355110.4476469
1719355113.4365566
1719355114.7198632
1719355114.7221916
1719355114.7272186
1719355114.727657
1719355114.9912636
1719355114.9914923
1719355114.996208
1719355114.9964166
1719355115.2314584
1719355115.237064
1719355115.2385373
1719355115.2392461
1719355115.4273622
1719355115.428162
1719355115.4282632
1719355115.429016
1719355115.691097
1719355115.7170348
1719355115.825933
1719355115.8268223
1719355115.8268864
1719355115.8311908
1719355115.8313103
1719355115.9160535
1719355115.9161284
1719355115.9164467
1719355115.9184368
1719355115.9221785
1719355115.9223943
1719355116.0895925
1719355116.0955422
1719355116.0962317
1719355116.0965183
1719355120.879373
1719355124.5919123
1719355124.6977255
1719355124.6978817
1719355124.7031138
1719355124.8894036
1719355124.8898015
1719355124.8950515
1719355124.8954232
1719355126.1584942
1719355127.8132858
1719355127.8136873
1719355127.814084
1719355127.821511
1719355127.9330792
1719355128.0325298
1719355128.0329807
1719355128.0344584
1719355128.1700687
1719355128.1737912
1719355128.1738465
1719355128.1864717
1719355128.4305072
1719355128.431302
1719355128.4316082
1719355128.4357035
1719355128.585177
1719355128.7591026
1719355128.7594066
1719355128.7658174
1719355128.7666016
1719355131.357738
1719355134.228629
1719355134.2286425
1719355134.2341278
1719355134.2342784
1719355134.358194
1719355134.3637562
1719355134.364397
1719355134.3663912
1719355136.5577066
1719355141.9220233
1719355142.8747551
1719355142.8750787
1719355142.8761513
1719355142.8766308
1719355143.0661917
1719355143.072986
1719355143.073492
1719355143.0772138
1719355143.2301707
1719355143.2311766
1719355143.2360327
1719355143.237512
1719355143.5979033
1719355143.5984733
1719355143.5988436
1719355143.5989144
1719355143.7067657
1719355143.7076833
1719355143.7096903
1719355143.7165983
1719355143.7165983
1719355147.146534
1719355149.5974326
1719355149.5978594
1719355149.6020367
1719355149.6039352
1719355149.7798483
1719355149.7812798
1719355149.7833881
1719355149.7889051
1719355149.8914802
1719355149.8915503
1719355149.8943205
1719355149.8952317
1719355150.0857072
1719355150.0865974
1719355150.0918984
1719355150.0923355
1719355152.411332
1719355153.0015454
1719355153.0020463
1719355153.0033412
1719355153.0082924
1719355153.172536
1719355153.179404
1719355153.1798482
1719355153.180896
1719355157.554928
1719355159.064977
1719355161.9422562
1719355161.9431276
1719355161.9443712
1719355161.9496095
1719355162.2431283
1719355162.367798
1719355162.3687842
1719355162.3695447
1719355162.3745983
1719355162.3748064
1719355162.3749928
1719355162.3751924
1719355162.541377
1719355162.543679
1719355162.54625
1719355162.7014105
1719355162.7023058
1719355162.702329
1719355162.702903
1719355162.8283
1719355163.0065491
1719355163.0067217
1719355163.0130682
1719355163.014222
1719355165.8122725
1719355165.8143857
1719355165.8190491
1719355165.835263
1719355166.0644443
1719355166.0674014
1719355166.069242
1719355166.0711434
1719355168.1024938
1719355169.5042794
1719355169.5046182
1719355169.5048823
1719355169.5109947
1719355169.9595454
1719355172.3794959
1719355172.384112
1719355172.3849843
1719355172.38543
1719355172.5089414
1719355172.5104659
1719355172.5178475
1719355172.6467
1719355172.7556112
1719355172.8558016
1719355172.962504
1719355172.963305
1719355172.9681284
1719355172.9686887
1719355172.9700882
1719355173.1739514
1719355173.175068
1719355173.1827965
1719355173.298843
1719355173.3008678
1719355173.302394
1719355173.30549
1719355173.3064528
1719355173.310494
1719355173.3385355
1719355173.4188526
1719355173.4192238
1719355173.4192905
1719355173.4194012
1719355173.7814307
1719355173.7881794
1719355173.7912817
1719355173.791446
1719355174.0095434
1719355174.009747
1719355174.0115142
1719355174.0156102
1719355174.190185
1719355174.1910336
1719355174.1921186
1719355174.1971698
1719355174.3432534
1719355174.404343
1719355174.4101825
1719355174.410536
1719355174.4107914
1719355174.5349727
1719355174.5408115
1719355174.5414567
1719355174.5437393
1719355174.6833026
1719355174.685854
1719355174.6920729
1719355174.692087
1719355174.8541398
1719355174.854971
1719355174.8585122
1719355174.861157
1719355175.1450982
1719355175.1459527
1719355175.1464453
1719355175.1467283
1719355175.4074857
1719355175.4134412
1719355175.4163198
1719355175.4198925
1719355175.621103
1719355175.6218958
1719355175.6266716
1719355175.6282895
1719355175.7366714
1719355175.7380364
1719355175.7446287
1719355175.744845
1719355175.8702495
1719355175.8704903
1719355175.8711224
1719355175.872892
1719355176.0482419
1719355176.0486705
1719355176.0492077
1719355176.0530286
1719355176.2810407
1719355176.2824197
1719355176.2836525
1719355176.2881355
1719355178.629477
1719355178.897588
1719355182.196599
1719355182.1973357
1719355182.2014468
1719355182.202247
1719355182.3963046
1719355182.3981552
1719355182.3996003
1719355182.410894
1719355184.0018077
1719355187.9374073
1719355187.9385207
1719355187.939651
1719355187.939819
1719355188.2103066
1719355188.2105596
1719355188.2169855
1719355188.2170012
1719355188.369649
1719355188.3716002
1719355188.3724003
1719355188.4775648
1719355188.5927563
1719355188.6247861
1719355188.6312518
1719355188.6320524
1719355188.6325676
1719355188.7727268
1719355189.0355675
1719355189.0358934
1719355189.0364769
1719355189.0372517
1719355189.2448623
1719355189.5029752
1719355194.6055663
1719355194.6063676
1719355194.6076815
1719355194.6100824
1719355194.6506097
1719355194.8286812
1719355194.8294337
1719355194.8297198
1719355194.8310442
1719355199.7807176
1719355200.6289854
1719355200.6302614
1719355200.6346862
1719355200.6351395
1719355204.8376334
1719355205.0699215
1719355206.70516
1719355206.707115
1719355206.7123115
1719355206.714873
1719355206.8744419
1719355206.8808646
1719355206.880946
1719355206.8866596
1719355207.0898242
1719355207.0901833
1719355207.090862
1719355207.0921001
1719355210.3651412
1719355210.5493379
1719355210.5501394
1719355210.5567546
1719355210.5576108
1719355213.253778
1719355213.2612755
1719355213.3617468
1719355213.362318
1719355213.364023
1719355213.369523
1719355213.36994
1719355213.3703861
1719355213.5514975
1719355213.5583959
1719355213.5593226
1719355213.5601807
1719355213.9206111
1719355213.921934
1719355213.9252179
1719355213.9267325
1719355215.5814345
1719355215.8791342
1719355219.4176028
1719355219.4177465
1719355219.4203703
1719355219.4260056
1719355220.0117347
1719355220.9905338
1719355223.250987
1719355223.2511299
1719355223.2574754
1719355223.258054
1719355223.3986213
1719355223.4010217
1719355223.4015534
1719355223.506437
1719355223.6388118
1719355223.6403081
1719355223.6411376
1719355226.0578604
1719355226.058255
1719355226.0593457
1719355226.0642238
1719355226.2092142
1719355226.2136161
1719355226.299131
1719355226.3101785
1719355226.317479
1719355226.5331652
1719355226.5351472
1719355226.5402496
1719355226.540372
1719355226.72063
1719355226.721243
1719355226.7226915
1719355226.727151
1719355226.9412405
1719355226.9458938
1719355226.946244
1719355226.9483666
1719355231.4558463
1719355233.23663
1719355233.2429721
1719355233.2431226
1719355233.2446318
1719355233.4274971
1719355233.4283152
1719355233.4336948
1719355233.4352374
1719355233.7692053
1719355233.7731977
1719355233.7746904
1719355233.7749321
1719355235.2149353
1719355236.6692355
1719355239.223714
1719355239.2243237
1719355239.2303162
1719355239.2304869
1719355239.5842931
1719355239.584361
1719355239.5853775
1719355239.585937
1719355239.5903428
1719355239.5914216
1719355239.5921981
1719355239.5943153
1719355239.7065222
1719355239.71191
1719355239.712789
1719355239.713696
1719355241.9044566
1719355247.302274
1719355248.7782183
1719355248.7798848
1719355248.7868428
1719355248.787401
1719355248.9471889
1719355248.9510164
1719355248.9530525
1719355248.953547
1719355249.1599655
1719355249.160135
1719355249.1615126
1719355249.165971
1719355250.3611863
1719355251.8361952
1719355251.8366797
1719355251.8368099
1719355251.8401804
1719355251.954023
1719355251.961813
1719355252.0695693
1719355252.069779
1719355252.1997645
1719355252.2001524
1719355252.2005548
1719355252.3079853
1719355252.4344933
1719355252.439508
1719355252.4415338
1719355252.441575
1719355252.5397358
1719355252.540358
1719355252.544868
1719355252.5467827
1719355252.6251805
1719355252.7534056
1719355252.7542143
1719355252.7626019
1719355252.8581452
1719355252.9621508
1719355252.9640243
1719355252.9646418
1719355252.965186
1719355253.0839238
1719355253.0913968
1719355253.1908495
1719355253.1997275
1719355253.3129973
1719355253.3141367
1719355253.4217474
1719355253.4272654
1719355253.532857
1719355253.5337029
1719355253.5408237
1719355253.5409467
1719355257.7952218
1719355262.9624946
1719355264.412005
1719355264.4120579
1719355264.4181466
1719355264.4182155
1719355264.602839
1719355264.6097991
1719355264.6101456
1719355264.6103477
1719355264.8214388
1719355264.8215413
1719355264.8219912
1719355264.8241208
1719355265.0114734
1719355265.013402
1719355265.0161097
1719355265.017813
1719355265.192992
1719355265.200363
1719355265.2006412
1719355265.202334
1719355265.4652917
1719355265.465364
1719355265.4716191
1719355265.4728353
1719355265.5508025
1719355265.66837
1719355265.6703572
1719355265.6770768
1719355265.6771336
1719355265.970427
1719355265.9717767
1719355265.9719267
1719355265.978458
1719355268.1748116
1719355269.3965068
1719355269.3986647
1719355269.4037135
1719355269.404464
1719355272.0227644
1719355272.0279832
1719355272.0288234
1719355272.0290065
1719355272.2775595
1719355272.2837756
1719355272.2842402
1719355272.2859263
1719355272.5158432
1719355272.5229282
1719355272.5239596
1719355272.5246286
1719355272.678613
1719355272.6873739
1719355272.6874034
1719355272.6892707
1719355272.7874112
1719355272.790653
1719355272.7920663
1719355272.7923288
1719355273.1369774
1719355273.1372266
1719355273.287305
1719355273.288294
1719355273.289482
1719355273.2927294
1719355273.294325
1719355273.2945776
1719355273.3884165
1719355273.3890707
1719355273.390238
1719355273.393673
1719355273.4724748
1719355273.5918818
1719355273.5928118
1719355273.597331
1719355273.599427
1719355273.796842
1719355273.798322
1719355273.8038244
1719355273.8040404
1719355274.168719
1719355274.174342
1719355274.174342
1719355274.17824
1719355274.2686954
1719355274.3416429
1719355274.4973688
1719355278.697833
1719355279.6541045
1719355279.6547093
1719355279.6560597
1719355279.658847
1719355279.8501809
1719355280.0161228
1719355280.0216398
1719355280.1615298
1719355280.1682785
1719355280.3206048
1719355280.32599
1719355280.9539127
1719355283.866843
1719355284.8994374
1719355286.306847
1719355286.3076923
1719355286.308142
1719355286.3091495
1719355286.522437
1719355286.5248766
1719355286.5290885
1719355286.7074168
1719355286.7128427
1719355286.841026
1719355287.1608758
1719355287.1660855
1719355287.1718097
1719355289.0411468
1719355293.0324922
1719355293.0334563
1719355293.0344908
1719355293.0396607
1719355293.2097292
1719355293.209874
1719355293.3044293
1719355293.3056467
1719355293.5429847
1719355293.5477452
1719355293.5492592
1719355293.5499034
1719355294.266402
1719355296.3027434
1719355299.0318952
1719355299.0320833
1719355299.0343907
1719355299.0408351
1719355299.3068213
1719355299.3105662
1719355299.3121872
1719355299.312534
1719355299.449201
1719355299.451156
1719355299.456062
1719355299.4570153
1719355299.5475347
1719355299.6745625
1719355299.6768544
1719355299.6823015
1719355299.6840906
1719355299.908701
1719355299.9092536
1719355299.9095733
1719355299.9191449
1719355300.0387907
1719355300.0388315
1719355300.0441883
1719355300.0473874
1719355304.8576026
1719355306.1296163
1719355306.1297493
1719355306.1317701
1719355306.1376362
1719355309.397575
1719355309.4000783
1719355309.4001403
1719355309.4002013
1719355309.6059847
1719355309.6094384
1719355310.0186267
1719355311.5252006
1719355312.310001
1719355312.3108256
1719355312.3169591
1719355312.3184164
1719355312.5075047
1719355312.511975
1719355312.5119867
1719355312.5126495
1719355312.7280014
1719355312.7287447
1719355312.735703
1719355312.735887
1719355312.8771234
1719355312.8781447
1719355312.8826385
1719355312.8838637
1719355313.10078
1719355313.1014357
1719355313.1062472
1719355313.1107516
1719355313.3367276
1719355313.3380036
1719355313.3426182
1719355313.3442845
1719355313.4768686
1719355313.4813795
1719355313.4825096
1719355313.596649
1719355313.7582724
1719355313.758681
1719355313.760181
1719355313.7646751
1719355315.2730236
1719355319.2842422
1719355319.285435
1719355319.292118
1719355319.293727
1719355320.5833468
1719355325.110142
1719355325.1152663
1719355325.116621
1719355325.116912
1719355325.238411
1719355325.3363507
1719355325.5549924
1719355325.5628316
1719355325.7482336
1719355325.7490728
1719355325.753679
1719355325.8692272
1719355325.8770497
1719355325.9085512
1719355326.1608274
1719355326.254169
1719355326.2601585
1719355326.6811886
1719355331.3598185
1719355332.0931618
1719355332.0933876
1719355332.0941265
1719355332.0951314
1719355332.313067
1719355332.3186615
1719355332.318993
1719355332.3200276
1719355332.5105891
1719355332.514077
1719355332.5152855
1719355332.5172858
1719355332.7111967
1719355332.711238
1719355332.711439
1719355332.7135093
1719355333.1161354
1719355333.1207695
1719355333.1210277
1719355333.1225913
1719355336.4883459
1719355338.566724
1719355338.5668137
1719355338.566996
1719355338.5670898
1719355338.6793919
1719355338.6804194
1719355338.686554
1719355338.686878
1719355338.8984401
1719355338.8984632
1719355338.898826
1719355338.9046047
1719355339.1289515
1719355339.1290185
1719355339.1341484
1719355339.134594
1719355341.7313879
1719355342.050928
1719355344.8198555
1719355344.8214767
1719355344.8268404
1719355347.1968262
1719355348.6585495
1719355348.6593103
1719355348.6603813
1719355348.6660225
1719355348.7650905
1719355348.7722955
1719355351.5164905
1719355351.5237668
1719355351.5243807
1719355351.524672
1719355351.6651783
1719355351.665651
1719355351.6659782
1719355351.774616
1719355351.95927
1719355351.964126
1719355351.9651332
1719355351.966033
1719355352.1372623
1719355352.137632
1719355352.1445925
1719355352.1447814
1719355352.3177006
1719355352.321771
1719355352.3220332
1719355352.322063
1719355352.3798294
1719355352.5049598
1719355352.513491
1719355352.5135386
1719355352.513581
1719355352.8161678
1719355352.81869
1719355352.820829
1719355352.8239672
1719355357.4998293
1719355357.5088718
1719355362.661345
1719355364.049004
1719355364.0516422
1719355364.0529096
1719355364.0538356
1719355364.1627998
1719355364.1697142
1719355364.1739326
1719355364.3365474
1719355364.3422186
1719355364.8037133
1719355364.8105495
1719355367.8064034
1719355368.3377395
1719355368.3394983
1719355368.342078
1719355368.343919
1719355368.5391443
1719355368.5392356
1719355368.5397696
1719355368.546068
1719355371.143635
1719355371.1441097
1719355371.1445105
1719355371.1448832
1719355371.2604034
1719355371.2661624
1719355371.373788
1719355371.3784583
1719355371.5981371
1719355371.5987334
1719355371.6000478
1719355371.606936
1719355372.6377542
1719355372.90282
1719355373.0045273
1719355377.1214986
1719355377.1248975
1719355377.1267953
1719355377.1272235
1719355377.3468065
1719355377.3498316
1719355377.3521113
1719355377.4932745
1719355377.4939623
1719355377.4993646
1719355377.5005972
1719355377.5012739
1719355377.6377563
1719355377.641379
1719355377.6436021
1719355377.6446693
1719355378.381194
1719355378.6183546
1719355383.4222636
1719355383.4227254
1719355383.429351
1719355383.429389
1719355383.6156502
1719355383.6168425
1719355383.6222684
1719355383.6920145
1719355387.3331168
1719355387.3390768
1719355387.3393455
1719355387.339637
1719355387.5550227
1719355387.5584424
1719355387.559052
1719355387.5609527
1719355387.9819188
1719355389.0548465
1719355390.0999851
1719355390.1010015
1719355390.1073806
1719355390.1085064
1719355390.3737295
1719355390.3737993
1719355390.374236
1719355390.3747838
1719355390.6884134
1719355390.6939502
1719355390.6946735
1719355390.6970384
1719355394.1822476
1719355399.3758657
1719355401.8330152
1719355401.838822
1719355401.8401244
1719355401.8407798
1719355402.0276773
1719355402.0316422
1719355402.0356205
1719355402.2470028
1719355402.253552
1719355402.256956
1719355402.433419
1719355402.4400852
1719355402.5758038
1719355402.581918
1719355403.2152426
1719355404.5868092
1719355406.7319443
1719355406.7325108
1719355406.737761
1719355406.7379682
1719355409.8190503
1719355414.7021682
1719355414.7023957
1719355414.7093694
1719355414.7094233
1719355414.8799326
1719355414.8862705
1719355414.8881035
1719355414.8884077
1719355415.016704
1719355415.1460705
1719355415.152637
1719355415.1538005
1719355415.1543994
1719355415.317722
1719355415.32013
1719355415.3201303
1719355415.3202138
1719355415.5190287
1719355415.5194678
1719355415.5252056
1719355415.5260556
1719355415.9051306
1719355415.9106452
1719355415.9107382
1719355416.0073965
1719355416.1085205
1719355418.4890947
1719355420.2481477
1719355424.4575436
1719355424.4585416
1719355424.464459
1719355424.4688635
1719355424.6462836
1719355424.650904
1719355425.387305
1719355427.5582817
1719355427.5597115
1719355427.5642598
1719355427.5642996
1719355427.72751
1719355427.7284493
1719355427.7317088
1719355427.7337582
1719355427.9453356
1719355427.9509602
1719355427.9514236
1719355427.9533815
1719355428.116194
1719355428.1224978
1719355428.1505392
1719355428.1505585
1719355428.302333
1719355428.3032281
1719355428.3046348
1719355428.3071272
1719355430.6260972
1719355433.9579573
1719355433.9643757
1719355433.9658496
1719355433.9663634
1719355434.010628
1719355434.2059128
1719355434.207999
1719355434.2111793
1719355434.2123923
1719355434.4401734
1719355434.4432473
1719355434.444277
1719355434.4444015
1719355436.1100752
1719355439.8440309
1719355439.845276
1719355439.8513048
1719355439.8521752
1719355439.9715643
1719355439.9753602
1719355439.979227
1719355440.2470696
1719355441.4788103
1719355443.759844
1719355443.760042
1719355443.7608838
1719355443.765633
1719355444.0176675
1719355444.0197222
1719355444.212047
1719355444.219005
1719355446.7147112
1719355446.8640995
1719355446.8643978
1719355446.865342
1719355446.8655524
1719355447.1037064
1719355447.1046684
1719355447.1084366
1719355447.1112134
1719355447.4997678
1719355447.5063827
1719355447.5072641
1719355447.5075688
1719355449.0239742
1719355451.910095
1719355452.816813
1719355452.8169768
1719355452.8240533
1719355452.824403
1719355452.9966347
1719355457.0239992
1719355461.7171798
1719355461.7181427
1719355461.719137
1719355461.7195413
1719355461.8996363
1719355461.9003484
1719355461.9013548
1719355461.9016604
1719355462.085634
1719355462.086458
1719355462.0868852
1719355462.1008053
1719355462.202366
1719355462.239228
1719355462.2979434
1719355462.3032818
1719355462.5196395
1719355462.5221293
1719355462.5257487
1719355462.722
1719355462.7260292
1719355462.7266107
1719355462.8664238
1719355462.8715973
1719355462.87458
1719355463.069812
1719355463.0763106
1719355463.0803752
1719355464.104491
1719355465.690456
1719355465.6989274
1719355465.6991138
1719355465.7028258
1719355467.5229728
1719355472.766038
1719355474.5814698
1719355474.584063
1719355474.5862906
1719355474.5893998
1719355476.9780107
1719355476.978189
1719355477.0965226
1719355477.097016
1719355477.2972565
1719355477.3027692
1719355477.484496
1719355477.4932306
1719355477.6777928
1719355477.683254
1719355477.6877656
1719355477.8883924
1719355477.8927147
1719355477.8927975
1719355477.8934457
1719355478.012578
1719355478.040422
1719355478.0455494
1719355479.2904015
1719355481.8507159
1719355481.8536584
1719355481.8568947
1719355481.8576972
1719355483.329204
1719355484.3940074
1719355484.3956025
1719355484.3957195
1719355484.3961778
1719355484.7045786
1719355484.710015
1719355484.7100742
1719355484.710123
1719355488.4731302
1719355490.387582
1719355490.3927007
1719355490.3932002
1719355490.3949735
1719355490.5792856
1719355490.5840504
1719355490.585768
1719355490.5867398
1719355490.716299
1719355490.720968
1719355490.7229881
1719355490.7243497
1719355493.6617603
1719355494.471594
1719355496.575965
1719355496.580661
1719355496.5813575
1719355496.5822449
1719355496.939096
1719355496.9393399
1719355496.9453812
1719355498.8978713
1719355500.2410648
1719355500.2451751
1719355500.2465594
1719355500.2466347
1719355500.4701555
1719355500.4702663
1719355500.4705925
1719355500.4708092
1719355500.6528628
1719355500.6545446
1719355500.7330427
1719355500.7351332
1719355500.9046996
1719355500.9122653
1719355503.569078
1719355503.5755367
1719355503.5758493
1719355503.5771782
1719355503.797135
1719355503.802915
1719355503.8059888
1719355503.806306
1719355504.1236324
1719355504.176018
1719355504.1817815
1719355504.1822448
1719355504.1830513
1719355509.3755784
1719355509.3828201
1719355509.3829958
1719355509.3836303
1719355509.5459669
1719355509.6904645
1719355509.6905217
1719355509.6905832
1719355509.6906822
1719355509.6907444
1719355509.6924686
1719355509.7018685
1719355509.7912269
1719355509.791924
1719355509.7938352
1719355509.797053
1719355509.799474
1719355509.799714
1719355510.2949946
1719355510.3010361
1719355510.302059
1719355510.302306
1719355514.687013
1719355515.4740808
1719355515.4746876
1719355515.4777312
1719355515.4817781
1719355515.6481502
1719355515.6488378
1719355515.6491456
1719355515.6566582
1719355515.9351704
1719355515.9371517
1719355515.9425914
1719355515.9435108
1719355516.1035616
1719355516.1803951
1719355516.1878097
1719355516.350357
1719355519.837339
1719355524.824587
1719355524.980828
1719355527.5895872
1719355527.5899403
1719355527.5903695
1719355527.5910869
1719355527.8118367
1719355527.8196375
1719355527.8232238
1719355527.9575236
1719355527.963062
1719355528.0879831
1719355528.1747594
1719355528.1786494
1719355528.1808062
1719355530.2005203
1719355533.6469367
1719355533.6473303
1719355533.6475182
1719355533.6545086
1719355533.9153001
1719355533.9220154
1719355534.205479
1719355534.2101464
1719355534.5272055
1719355534.531127
1719355534.647774
1719355535.4098663
1719355537.8489122
1719355537.8542776
1719355537.8570986
1719355537.8627725
1719355538.0219967
1719355538.0256128
1719355538.0296683
1719355538.1438885
1719355540.0286877
1719355540.7507138
1719355540.965148
1719355540.9651742
1719355540.96552
1719355540.9713752
1719355541.0716488
1719355541.0717227
1719355541.071784
1719355541.0738811
1719355541.3219233
1719355541.3271577
1719355541.3272011
1719355541.3273277
1719355545.8900044
1719355546.5342498
1719355546.5387764
1719355546.5390399
1719355546.5399718
1719355546.7042103
1719355546.7046795
1719355546.705128
1719355546.7105393
1719355546.907269
1719355546.907269
1719355546.9072692
1719355547.0155108
1719355547.1980393
1719355547.1985245
1719355547.204624
1719355547.2067664
1719355547.3851707
1719355547.3865383
1719355547.3910832
1719355547.3945005
1719355551.0221388
1719355552.5753236
1719355552.5754418
1719355552.5812685
1719355552.6941748
1719355552.8000202
1719355552.910203
1719355553.0848956
1719355553.0884898
1719355553.0908203
1719355555.146275
1719355556.2420304
1719355556.8929508
1719355556.8936887
1719355556.900006
1719355556.9030876
