1719254912.7310448
1719254912.9609668
1719254913.183244
1719254913.4090924
1719254913.6313238
1719254913.9512942
1719254914.1926696
1719254914.4163718
1719254914.6386342
1719254914.9386458
1719254915.1670034
1719254915.4071238
1719254915.629393
1719254915.9205885
1719254916.2740116
1719254916.504782
1719254916.7270331
1719254916.949262
1719254917.1716173
1719254917.3938925
1719254917.6161304
1719254917.8382137
1719254918.1429658
1719254918.372755
1719254918.5950203
1719254918.8172925
1719254919.1191814
1719254919.3635652
1719254919.5858507
1719254919.8081346
----------
1719254934.5204158
1719254934.7427049
1719254934.972538
1719254935.2040908
1719254935.4261913
1719254935.6961408
1719254935.9182632
1719254936.2527087
----------
1719254940.0301445
1719254940.322293
1719254940.5503159
----------
1719254945.2043679
1719254945.426627
1719254945.7063916
1719254945.95428
1719254946.2457244
1719254946.5202277
1719254946.742483
1719254946.9646983
1719254947.1870418
1719254947.4143608
1719254947.636666
1719254947.907701
1719254948.1674087
1719254948.409597
1719254948.6318617
----------
1719254954.375495
1719254954.5977597
1719254954.820003
----------
1719254960.9752326
1719254961.2128866
1719254961.4351382
1719254961.7471952
1719254961.9828546
1719254962.2569854
1719254962.4992313
1719254962.7265723
----------
1719254967.8101707
1719254968.0324283
1719254968.3060846
1719254968.5467052
1719254968.780065
1719254969.0022058
1719254969.2244341
----------
1719254975.313611
1719254975.5534515
1719254975.7808979
1719254976.003163
1719254976.2311625
----------
1719254981.5665169
1719254981.7888243
1719254982.0110068
1719254982.2333272
----------
1719254987.577111
1719254987.7994134
1719254988.0217195
1719254988.2619696
----------
1719254998.554175
1719254998.7943852
----------
1719255008.8160315
1719255009.0381694
1719255009.2734509
1719255009.5729127
1719255009.7951546
1719255010.017416
1719255010.3187253
1719255010.542743
1719255010.7650235
1719255010.993167
----------
1719255015.5830936
1719255015.8120017
1719255016.0341995
1719255016.2658021
1719255016.5822964
1719255016.8105955
1719255017.0328329
1719255017.3464642
1719255017.5720723
----------
1719255024.013581
1719255024.2559314
1719255024.5627725
1719255024.8032167
1719255025.0255234
1719255025.311782
1719255025.5350008
1719255025.7624927
----------
1719255031.5905058
1719255031.8128726
1719255032.0350862
1719255032.2722974
1719255032.5615697
1719255032.7838101
----------
1719255035.194962
1719255035.4172387
1719255035.715382
1719255035.9581943
1719255036.1804867
1719255036.4078817
1719255036.63012
1719255036.9022176
1719255037.1273978
----------
1719255040.9806802
1719255041.2158804
1719255041.5694137
1719255041.7951303
1719255042.0173545
----------
1719255046.7887735
1719255047.0110488
1719255047.2333193
1719255047.5021346
1719255047.7409832
1719255047.9638393
1719255048.2209282
1719255048.49907
1719255048.72372
----------
1719255053.1478565
1719255053.3849325
1719255053.6071582
1719255053.829415
1719255054.1703358
1719255054.392741
1719255054.614993
1719255054.8372567
----------
1719255059.417543
1719255059.6533756
1719255059.9171407
1719255060.1394055
1719255060.3656638
1719255060.5878894
1719255060.8101697
1719255061.0323555
1719255061.3326454
1719255061.566139
1719255061.7947288
----------
1719255065.5259616
1719255065.75057
1719255065.9727962
1719255066.1950788
1719255066.4173691
1719255066.718127
1719255066.9451182
1719255067.2255547
1719255067.525044
1719255067.7568994
1719255067.979132
1719255068.2050219
1719255068.427298
----------
1719255073.1136456
1719255073.3518984
1719255073.5742419
1719255073.7964356
1719255074.0186543
----------
1719255078.3384066
1719255078.560649
1719255078.8016393
1719255079.0239317
1719255079.3049943
1719255079.5438201
1719255079.7821748
----------
1719255082.788962
1719255083.0112572
1719255083.233543
1719255083.505634
1719255083.750726
1719255083.9781811
1719255084.2072158
1719255084.4294395
1719255084.718849
1719255084.941137
1719255085.1634202
1719255085.3929746
1719255085.6152062
1719255085.8374114
1719255086.2467408
1719255086.5052757
1719255086.736518
1719255086.9612179
1719255087.1834002
1719255087.4056265
1719255087.6279123
1719255087.932757
1719255088.2608302
1719255088.567679
1719255088.7899735
1719255089.0122519
1719255089.239921
1719255089.5481448
1719255089.7754898
1719255089.9978034
1719255090.2309017
1719255090.5398674
1719255090.7672813
1719255090.9895673
1719255091.2119393
1719255091.4342763
1719255091.7234159
1719255091.96822
1719255092.2070215
1719255092.4293528
1719255092.7242918
1719255092.9509876
----------
1719255096.725288
1719255096.956476
1719255097.1787298
1719255097.422213
----------
1719255102.0173774
1719255102.3127093
1719255102.5350425
1719255102.7572842
1719255102.9796116
1719255103.20187
1719255103.4241457
1719255103.6906824
1719255103.9216666
1719255104.1832368
1719255104.4055052
1719255104.6278267
----------
1719255110.1707659
1719255110.3981824
1719255110.6204574
1719255110.9111228
1719255111.138135
1719255111.3603115
1719255111.5826519
1719255111.8048842
1719255112.0271268
1719255112.3209918
1719255112.5490582
1719255112.771317
1719255113.0008848
----------
1719255117.1873178
1719255117.4150376
1719255117.6376073
1719255117.8865364
1719255118.142876
1719255118.3787122
1719255118.6009872
1719255118.8233058
1719255119.1998687
1719255119.4222345
1719255119.7139428
----------
1719255124.0231469
1719255124.274698
1719255124.5774162
1719255124.7996933
1719255125.0242722
1719255125.3041182
----------
1719255138.7868419
1719255139.0091684
1719255139.2314312
1719255139.508348
1719255139.7613487
1719255139.9909396
1719255140.2346249
----------
