1719349700.6706364
1719349705.8762007
1719349709.420097
1719349711.1094968
1719349716.3609197
1719349721.4763775
1719349724.5426555
1719349726.7584188
1719349731.950657
1719349737.1411536
1719349739.7358043
1719349742.3055573
1719349747.528733
1719349752.704384
1719349753.522769
1719349754.525796
1719349754.526878
1719349754.527018
1719349754.5336182
1719349754.7613602
1719349754.7660224
1719349754.7666543
1719349754.7667418
1719349754.966145
1719349754.9834516
1719349754.9851084
1719349754.9851952
1719349754.9911416
1719349755.154702
1719349755.160138
1719349755.1613834
1719349755.1615543
1719349755.3195367
1719349755.3233736
1719349755.3256948
1719349755.3263628
1719349755.5798204
1719349755.5878198
1719349755.589296
1719349755.5944784
1719349755.7860687
1719349755.788747
1719349755.7917547
1719349755.7928257
1719349755.9151397
1719349756.0132372
1719349756.0192285
1719349756.0194104
1719349756.1732929
1719349756.174856
1719349756.1802104
1719349756.1819785
1719349756.2866268
1719349756.2933934
1719349756.3895786
1719349756.396229
1719349756.555177
1719349756.5558643
1719349756.5579982
1719349756.558075
1719349756.700823
1719349756.7020392
1719349756.7037597
1719349756.817742
1719349756.9607854
1719349756.960895
1719349756.9671288
1719349756.9699705
1719349757.0966108
1719349757.0974195
1719349757.0990796
1719349757.1037507
1719349757.318179
1719349757.4051702
1719349757.4068167
1719349757.4093978
1719349757.6039855
1719349757.6117547
1719349757.613004
1719349757.6142921
1719349757.8173578
1719349757.818922
1719349757.9487116
1719349758.2490315
1719349758.3351529
1719349758.3352716
1719349758.336803
1719349758.336935
1719349758.3370516
1719349758.3404539
1719349758.3418841
1719349758.3436728
1719349758.3457232
1719349758.4459069
1719349758.449782
1719349758.4500954
1719349758.451614
1719349758.5691676
1719349758.5703049
1719349758.5706131
1719349758.5707839
1719349758.7481267
1719349758.7499766
1719349758.7519386
1719349758.7559233
1719349758.9660692
1719349758.9665217
1719349758.9700813
1719349758.9718194
1719349759.147646
1719349759.1478205
1719349759.1494
1719349759.1530893
1719349759.3996842
1719349759.4032183
1719349759.4054828
1719349759.4061265
1719349759.516401
1719349759.5176868
1719349759.517795
1719349759.5235524
1719349759.8073752
1719349759.8107579
1719349759.8157222
1719349759.8159657
1719349759.9942276
1719349759.9943013
1719349759.994693
1719349759.9954884
1719349760.106773
1719349760.1067874
1719349760.2186964
1719349760.2216396
1719349760.378967
1719349760.3803036
1719349760.3809803
1719349760.3814085
1719349760.6084335
1719349760.6154454
1719349760.6179345
1719349760.6180203
1719349760.7675414
1719349760.7726889
1719349760.7740748
1719349760.7748072
1719349761.016766
1719349761.0207675
1719349761.0249166
1719349761.0252156
1719349761.1864924
1719349761.1865685
1719349761.1866777
1719349761.1920838
1719349761.405283
1719349761.4060192
1719349761.4121008
1719349761.4131265
1719349761.5505912
1719349761.5505915
1719349761.5505915
1719349761.6694393
1719349761.8016002
1719349761.803208
1719349761.807515
1719349761.8086963
1719349761.9791434
1719349761.9839425
1719349761.9843013
1719349761.988382
1719349762.1655586
1719349762.1658342
1719349762.1662726
1719349762.167216
1719349762.3521836
1719349762.357722
1719349762.3578658
1719349762.3650815
1719349762.5944707
1719349762.5974264
1719349762.6146271
1719349762.6189444
1719349762.7502284
1719349762.7547731
1719349762.7552185
1719349762.755784
1719349763.0010612
1719349763.0022142
1719349763.0030992
1719349763.0033276
1719349763.1927505
1719349763.2003903
1719349763.200557
1719349763.2008567
1719349763.4136002
1719349763.4193404
1719349763.4207916
1719349763.4225035
1719349763.4492733
1719349763.6288352
1719349763.629762
1719349763.6348944
1719349763.6351485
1719349763.8456163
1719349763.8477435
1719349763.8478723
1719349763.9783
1719349764.0589259
1719349764.0632193
1719349764.0641274
1719349764.0652485
1719349764.2031121
1719349764.2040126
1719349764.2046938
1719349764.2145584
1719349764.3322392
1719349764.332539
1719349764.3328645
1719349764.3400028
1719349764.481258
1719349764.4836512
1719349764.4881177
1719349764.6076128
1719349768.88086
1719349770.1996303
1719349774.1035857
1719349775.4203048
1719349775.4265876
1719349775.4278886
1719349775.434044
1719349775.5273273
1719349775.5273447
1719349775.531995
1719349775.5377455
1719349775.68596
1719349775.6958454
1719349775.6959174
1719349775.6961186
1719349775.933291
1719349775.9394438
1719349775.9406543
1719349775.9408226
1719349779.3125763
1719349780.4350407
1719349780.4422243
1719349780.4425828
1719349780.443013
1719349780.5681055
1719349780.6702197
1719349780.6726909
1719349780.6763763
1719349780.8664682
1719349780.866594
1719349780.868216
1719349780.8754778
1719349781.0463374
1719349781.051628
1719349781.052757
1719349781.0530953
1719349781.1408458
1719349781.1463094
1719349781.1488357
1719349781.1522431
1719349781.339624
1719349781.3406286
1719349781.345689
1719349781.3459573
1719349781.5979753
1719349781.6000574
1719349781.6001532
1719349781.601065
1719349781.8111422
1719349781.8130753
1719349781.8169806
1719349781.8187475
1719349784.6838849
1719349785.445725
1719349789.821788
1719349794.5074973
1719349794.5088668
1719349794.5099921
1719349794.516965
1719349794.726509
1719349794.7269232
1719349794.7279224
1719349794.7297332
1719349794.8609433
1719349794.8622835
1719349794.8624349
1719349794.862602
1719349795.0172021
1719349795.1550615
1719349795.1653843
1719349795.165506
1719349795.165649
1719349795.375322
1719349795.3754044
1719349795.3755496
1719349795.3788755
1719349800.2858412
1719349800.6323843
1719349801.2122784
1719349801.2137482
1719349801.2186563
1719349801.219456
1719349801.380666
1719349801.3824532
1719349801.3835392
1719349801.3877666
1719349801.606447
1719349801.6077163
1719349801.6096869
1719349801.609687
1719349805.5157588
1719349806.778742
1719349806.780128
1719349806.8766894
1719349806.8805952
1719349807.0101821
1719349807.0104687
1719349807.0107918
1719349807.0191712
1719349807.1206245
1719349807.1209052
1719349807.1212142
1719349807.1282184
1719349807.321098
1719349807.322543
1719349807.3279119
1719349807.3288865
1719349807.7701926
1719349807.7712638
1719349807.771657
1719349807.7717228
1719349807.864355
1719349807.8655312
1719349807.987486
1719349807.9883223
1719349810.8781679
1719349811.205428
1719349811.206446
1719349811.2121031
1719349811.2143106
1719349811.5179534
1719349811.5180573
1719349811.5249982
1719349811.6101794
1719349811.6102314
1719349811.6154363
1719349811.6155415
1719349811.617099
1719349811.7196217
1719349811.7200646
1719349811.7202294
1719349811.7271254
1719349811.955937
1719349811.95885
1719349811.9603462
1719349811.9641364
1719349812.143528
1719349812.1437893
1719349812.1440408
1719349812.1501505
1719349812.6579955
1719349812.6592906
1719349812.6597614
1719349812.661623
1719349812.8659618
1719349812.8662841
1719349812.8686748
1719349812.8762925
1719349813.0545747
1719349813.0547326
1719349813.0566552
1719349813.0576317
1719349813.170865
1719349813.1724918
1719349813.1773543
1719349813.2989156
1719349815.762071
1719349816.0954952
1719349817.364854
1719349817.3666646
1719349817.3702767
1719349817.486733
1719349817.6710079
1719349817.6719866
1719349817.6775198
1719349817.6776853
1719349817.6780944
1719349817.6784794
1719349817.6786292
1719349817.7836404
1719349818.2863886
1719349818.287632
1719349818.2881298
1719349818.2885718
1719349821.3298705
1719349822.678719
1719349822.6794155
1719349822.8079526
1719349822.8085766
1719349822.8146846
1719349822.814946
1719349822.815272
1719349822.819721
1719349823.0686345
1719349823.069431
1719349823.0708702
1719349823.0719626
1719349823.1754997
1719349823.1799922
1719349823.2802055
1719349823.2817395
1719349823.384726
1719349823.390788
1719349823.3915546
1719349823.3934464
1719349823.6518998
1719349823.6582816
1719349823.6590111
1719349823.6598313
1719349823.771228
1719349823.7722611
1719349823.7784197
1719349823.7804422
1719349823.9159644
1719349823.9167304
1719349823.9207015
1719349823.9231021
1719349824.0720959
1719349824.0737927
1719349824.1913946
1719349824.202605
1719349824.5760071
1719349824.5764806
1719349824.577538
1719349824.5829568
1719349824.7764282
1719349824.7765684
1719349824.777164
1719349824.7774205
1719349824.967381
1719349824.9736533
1719349824.9773266
1719349824.9775317
1719349826.5835495
1719349830.9573112
1719349831.7238128
1719349837.0920532
1719349842.3388479
1719349846.2324488
1719349847.6305206
1719349852.8806868
1719349858.0008774
1719349861.3652134
1719349863.2049785
1719349868.4370978
1719349873.6333492
1719349876.5256596
1719349878.880492
1719349881.3144197
1719349881.3147101
1719349881.3179567
1719349881.321378
1719349881.4562871
1719349881.457499
1719349881.4635503
1719349881.4637465
1719349881.7358847
1719349881.7410746
1719349881.7410872
1719349881.7412062
1719349881.9451256
1719349881.9454365
1719349881.9455938
1719349881.9508243
1719349884.093472
1719349887.7789962
1719349887.7821946
1719349887.7847123
1719349887.7853055
1719349889.2119112
1719349891.7135508
1719349892.8357768
1719349892.835823
1719349892.8407984
1719349892.847462
1719349894.4067814
1719349899.3614838
1719349899.3664527
1719349899.3669643
1719349899.3675013
1719349899.6848924
1719349899.8393915
1719349899.8395445
1719349899.8463118
1719349899.846377
1719349904.9570725
1719349905.4181325
1719349905.4181554
1719349905.4185252
1719349905.4223247
1719349905.590091
1719349905.5902371
1719349905.5963066
1719349905.596378
1719349905.7649155
1719349905.7649891
1719349905.7780104
1719349906.9709337
1719349910.2843263
1719349911.1528184
1719349911.1587577
1719349911.1588073
1719349911.15912
1719349911.3477504
1719349911.3486235
1719349911.3499498
1719349911.3509269
1719349911.548387
1719349911.5491238
1719349911.555204
1719349911.5555484
1719349911.980606
1719349911.9855769
1719349911.987631
1719349911.9925373
1719349912.2833416
1719349912.288467
1719349912.2897825
1719349912.2903311
1719349915.2624457
1719349915.3660026
1719349915.372162
1719349915.3724654
1719349915.5341513
1719349915.5350826
1719349915.5352862
1719349915.536854
1719349915.5629766
1719349915.731382
1719349915.734138
1719349915.7344322
1719349915.7424176
1719349915.918011
1719349915.919785
1719349915.9210386
1719349915.9234276
1719349916.4331257
1719349916.433399
1719349916.4337687
1719349916.439977
1719349916.576705
1719349916.5783463
1719349916.5835392
1719349916.5862203
1719349920.9549108
1719349921.018633
1719349921.0188723
1719349921.0218773
1719349921.0259771
1719349921.167211
1719349921.168558
1719349921.1744921
1719349921.1747475
1719349922.1869857
1719349926.2867982
1719349926.363924
1719349926.3672636
1719349926.3689032
1719349926.4773598
1719349926.6973567
1719349926.6978972
1719349926.7025142
1719349926.7042787
1719349926.8266575
1719349926.827499
1719349926.9321005
1719349926.9526563
1719349927.2105892
1719349927.211201
1719349927.215253
1719349927.21606
1719349927.3929315
1719349927.3951285
1719349927.3990002
1719349927.399201
1719349927.63769
1719349927.6385827
1719349927.6450217
1719349927.6478636
1719349927.7613747
1719349927.7640054
1719349927.8865445
1719349927.8938642
1719349931.7240307
1719349933.121301
1719349933.1221218
1719349933.1238153
1719349933.1310256
1719349933.235197
1719349933.3310914
1719349933.3316917
1719349933.332608
1719349933.5423415
1719349933.5470414
1719349933.5497065
1719349933.5501754
1719349933.7116792
1719349933.7147996
1719349933.720209
1719349933.722045
1719349933.9285452
1719349933.9287407
1719349933.928977
1719349933.929139
1719349934.2680054
1719349934.2683802
1719349934.3657584
1719349934.3684087
1719349934.5107756
1719349934.512425
1719349934.5127294
1719349934.5154386
1719349934.7677636
1719349934.7684355
1719349934.7691722
1719349934.7764928
1719349937.0203493
1719349937.38952
1719349937.4003916
1719349937.4030156
1719349937.4031258
1719349937.4375393
1719349937.664078
1719349937.665697
1719349937.670426
1719349937.6709998
1719349937.7659972
1719349937.76621
1719349937.8612432
1719349937.8621259
1719349937.863027
1719349937.8645775
1719349937.869661
1719349937.9771883
1719349942.2363338
1719349942.236758
1719349942.2437246
1719349942.2439675
1719349942.4524686
1719349942.4542809
1719349942.4543438
1719349942.4625826
1719349942.4817479
1719349946.8490462
1719349946.8493357
1719349946.8498197
1719349946.855744
1719349947.3276505
1719349947.333229
1719349947.3370776
1719349947.3371992
1719349947.338929
1719349947.339043
1719349947.3391259
1719349947.3392043
1719349947.5504415
1719349947.5537314
1719349947.5539365
1719349947.5540426
1719349947.7523665
1719349947.7534118
1719349947.757369
1719349947.758433
1719349947.778004
1719349947.9381475
1719349947.9382348
1719349947.9407687
1719349947.9458275
1719349948.0831811
1719349948.083437
1719349948.0899794
1719349948.192458
1719349948.3577476
1719349948.4967756
1719349948.5007918
1719349948.505768
1719349948.902698
1719349948.9089417
1719349948.910082
1719349949.0509446
1719349949.052868
1719349949.0538635
1719349949.22011
1719349949.3414118
1719349949.349487
1719349949.4879687
1719349949.4901311
1719349949.6132972
1719349949.6217318
1719349949.6218922
1719349949.751065
1719349949.755894
1719349952.7465482
1719349953.4092312
1719349953.50755
1719349953.5083916
1719349953.50851
1719349953.607857
1719349953.8122342
1719349953.812927
1719349953.8135586
1719349953.818812
1719349954.01234
1719349954.0187767
1719349954.0199878
1719349954.0250447
1719349954.1507645
1719349954.1509333
1719349954.1582215
1719349954.1612997
1719349954.2865076
1719349954.3925345
1719349954.392619
1719349954.3947933
1719349958.6426022
1719349962.875442
1719349962.8800488
1719349962.881174
1719349962.8820105
1719349963.142311
1719349963.1463661
1719349963.1465771
1719349963.1508915
1719349963.278999
1719349963.2849333
1719349963.3766513
1719349963.3815775
1719349963.553349
1719349963.5540583
1719349963.5541627
1719349963.554639
1719349963.6859467
1719349963.6879401
1719349963.6940053
1719349963.694303
1719349963.7972486
1719349963.9677715
1719349963.9680853
1719349963.987354
1719349963.9875023
1719349964.1276023
1719349964.1293721
1719349964.1346037
1719349964.1349227
1719349964.3487513
1719349964.3500662
1719349964.3501399
1719349964.3503058
1719349964.4534981
1719349964.5651276
1719349964.5711966
1719349964.580671
1719349964.6836774
1719349964.6839914
1719349964.791676
1719349964.792901
1719349964.9450266
1719349964.9456654
1719349964.9457743
1719349964.9458888
1719349965.1221442
1719349965.122517
1719349965.1251242
1719349965.247712
1719349965.334634
1719349965.336138
1719349965.3455763
1719349965.4578738
1719349967.9335597
1719349969.132738
1719349969.9756556
1719349969.9758294
1719349969.976761
1719349969.9831097
1719349970.114378
1719349970.121961
1719349970.2215686
1719349970.2284946
1719349974.3805096
1719349979.6724162
1719349982.1368196
1719349982.1371982
1719349982.1372747
1719349982.1390314
1719349982.282291
1719349982.2823343
1719349982.2831354
1719349982.2887895
1719349982.7310479
1719349982.7311525
1719349982.7380898
1719349982.7387486
1719349983.206697
1719349984.9541965
1719349988.5218806
1719349988.5238554
1719349988.5251703
1719349988.5302405
1719349990.297383
1719349995.4405844
1719349998.4642746
1719349999.6430924
1719349999.6474435
1719349999.6477692
1719349999.648094
1719349999.769056
1719349999.769132
1719349999.7730086
1719349999.7737558
1719349999.9548519
1719349999.9554884
1719349999.9560902
1719349999.9607916
1719350000.2547114
1719350000.2589402
1719350000.2590668
1719350000.2647738
1719350000.4495306
1719350000.4511988
1719350000.4574406
1719350000.4575741
1719350000.5579677
1719350000.5580351
1719350000.5581632
1719350000.5645237
1719350000.6043792
1719350000.6371577
1719350000.6901283
1719350000.7991314
1719350000.8030002
1719350000.8033311
1719350000.9652853
1719350000.9702203
1719350000.9719357
1719350000.9809427
1719350001.1187825
1719350001.1188684
1719350001.1244066
1719350001.1264076
1719350001.2596672
1719350001.35368
1719350001.3547022
1719350001.3580213
1719350001.660049
1719350001.6613784
1719350001.6679885
1719350001.6682785
1719350001.670502
1719350001.7746441
1719350001.7748878
1719350001.7796052
1719350001.9931016
1719350001.9933705
1719350001.9938517
1719350001.9985073
1719350005.9432626
1719350006.6692748
1719350006.675331
1719350006.6757517
1719350006.6778498
1719350006.932195
1719350006.9324207
1719350006.9330304
1719350006.933429
1719350007.137629
1719350007.1436012
1719350007.1438644
1719350007.143953
1719350007.3544688
1719350007.362525
1719350007.3626394
1719350007.3637195
1719350007.5629153
1719350007.5647883
1719350007.5648293
1719350007.571791
1719350007.7492845
1719350007.7493737
1719350007.7494707
1719350007.7573574
1719350007.9271364
1719350007.9325628
1719350007.9332354
1719350007.936856
1719350008.0747688
1719350008.0749004
1719350008.176993
1719350008.1800365
1719350008.328275
1719350008.328347
1719350008.3289576
1719350008.3299112
1719350008.5028467
1719350008.5029302
1719350008.64237
1719350008.6458962
1719350008.7740707
1719350008.777444
1719350008.7777073
1719350008.7784684
1719350008.9653828
1719350008.9657564
1719350009.0400186
1719350009.041865
1719350009.298
1719350009.3000011
1719350009.4118724
1719350009.4122052
1719350011.1583703
1719350013.8764246
1719350013.8835776
1719350013.8844588
1719350013.9868755
1719350013.9876802
1719350013.9881253
1719350013.9887967
1719350013.988924
1719350014.162871
1719350014.1640124
1719350014.1645634
1719350014.164668
1719350014.2996335
1719350014.3000274
1719350014.3021328
1719350014.3051515
1719350015.937141
1719350016.2901607
1719350019.0309484
1719350019.0314908
1719350019.0335927
1719350019.03842
1719350019.2227542
1719350019.2232058
1719350019.2282143
1719350019.2300544
1719350020.2925012
1719350020.2955098
1719350020.2994635
1719350020.299953
1719350021.5231748
1719350023.7926157
1719350023.7932382
1719350023.7987835
1719350023.7992668
1719350023.9449742
1719350023.9461918
1719350023.946806
1719350023.9471872
1719350026.760154
1719350031.1216185
1719350032.0464892
1719350037.285588
1719350042.5132027
1719350046.3836427
1719350047.71706
1719350052.9971292
1719350058.301588
1719350061.5263116
1719350063.544228
1719350068.7087092
1719350073.9335592
1719350076.7128487
1719350079.137445
1719350084.2719333
1719350089.502449
1719350091.9234016
1719350094.7284296
1719350099.9196277
1719350100.6532278
1719350100.6552734
1719350100.6593697
1719350100.66238
1719350100.9380817
1719350100.939485
1719350100.9458175
1719350100.9459069
1719350101.0679939
1719350101.0683432
1719350101.069714
1719350101.0698683
1719350101.350099
1719350101.351028
1719350101.3566597
1719350101.3580248
1719350101.4834907
1719350101.4884076
1719350101.4918525
1719350101.4919975
1719350101.9274611
1719350101.9312067
1719350101.9313047
1719350101.9314227
1719350102.1262906
1719350102.1263824
1719350102.126481
1719350102.1344001
1719350105.0934632
1719350107.1812496
1719350107.7075355
1719350107.7082896
1719350107.708319
1719350107.7089117
1719350108.219873
1719350108.2199154
1719350108.2268124
1719350108.2270718
1719350110.3390424
1719350115.5083208
1719350116.0999293
1719350116.1023295
1719350116.109224
1719350116.109337
1719350116.3715587
1719350116.3736804
1719350116.3739004
1719350116.3742976
1719350120.2404969
1719350120.2423766
1719350120.2481084
1719350120.2481923
1719350120.3681703
1719350120.3740933
1719350120.3748128
1719350120.3749192
1719350120.6921678
1719350120.731093
1719350120.7313695
1719350120.731493
1719350120.7338307
1719350122.3810713
1719350125.9630442
1719350125.9637203
1719350125.9640572
1719350125.969634
1719350126.0319147
1719350126.1803427
1719350126.1805425
1719350126.187144
1719350126.2921934
1719350126.3903127
1719350126.394479
1719350126.3948963
1719350126.4101284
1719350126.6988611
1719350126.7001238
1719350126.7069225
1719350126.709342
1719350131.281953
1719350136.5025125
1719350137.5114741
1719350141.7020705
1719350143.2432315
1719350143.24875
1719350143.2490754
1719350143.2535167
1719350143.262038
1719350143.3349297
1719350143.334999
1719350143.3387983
1719350146.9388392
1719350152.236475
1719350152.712713
1719350154.6312914
1719350154.6319973
1719350154.632149
1719350154.6452026
1719350155.0224655
1719350155.022986
1719350155.0292532
1719350155.032065
1719350155.240748
1719350155.2447555
1719350155.244946
1719350155.2464075
1719350155.3537807
1719350155.358978
1719350155.3599179
1719350155.3602653
1719350155.462266
1719350155.4681878
1719350155.4683392
1719350155.5658085
1719350155.733524
1719350155.7343943
1719350155.7351615
1719350155.7372527
1719350155.9103248
1719350155.9148884
1719350155.916154
1719350156.0286272
1719350156.179788
1719350156.1873662
1719350156.1876237
1719350156.1888664
1719350156.4504008
1719350156.4507062
1719350156.451215
1719350156.4596312
1719350156.552767
1719350156.5529075
1719350156.554027
1719350156.5583892
1719350156.7991984
1719350156.8036904
1719350156.8041966
1719350156.8998575
1719350156.9087956
1719350156.9940817
1719350156.9951274
1719350156.9957857
1719350157.365512
1719350157.3656094
1719350157.3656788
1719350157.368719
1719350157.5398061
1719350161.5362513
1719350161.5421321
1719350161.542431
1719350161.5430503
1719350161.7404015
1719350161.7404819
1719350161.7457361
1719350161.746193
1719350161.9516454
1719350161.9523416
1719350161.956066
1719350161.960576
1719350162.163103
1719350162.1635702
1719350162.1697407
1719350162.171363
1719350162.480737
1719350162.4811902
1719350162.4867642
1719350162.4876962
1719350162.5823388
1719350162.5833676
1719350162.5910316
1719350162.5921693
1719350162.7371292
1719350162.7404346
1719350162.7432957
1719350162.743382
1719350162.975757
1719350162.9770305
1719350162.9834216
1719350162.9852107
1719350163.0077941
1719350163.5262804
1719350163.526921
1719350163.6801565
1719350163.680306
1719350163.6861408
1719350163.80384
1719350163.8090222
1719350163.8095622
1719350163.8105683
1719350163.8106298
1719350163.8131046
1719350163.813227
1719350164.050268
1719350164.0515604
1719350164.055125
1719350164.0586154
1719350164.1889734
1719350164.1913114
1719350164.1952412
1719350164.1965034
1719350167.9507117
1719350168.6676922
1719350171.1306415
1719350171.1331275
1719350171.1332808
1719350171.1395838
1719350173.9722598
1719350177.038179
1719350177.0399733
1719350177.0400345
1719350177.040802
1719350177.189323
1719350177.1915503
1719350177.1915798
1719350177.192057
1719350177.4692523
1719350177.4693332
1719350177.4765275
1719350177.4766026
1719350177.6767676
1719350177.6839848
1719350177.685336
1719350177.690902
1719350177.8341815
1719350177.987545
1719350177.9881663
1719350177.9950619
1719350177.9958148
1719350178.1971693
1719350178.1974764
1719350178.1984062
1719350178.2045953
1719350178.6131325
1719350178.614437
1719350178.6189096
1719350178.619486
1719350179.2279341
1719350183.215463
1719350184.1223404
1719350184.1229525
1719350184.1233501
1719350184.1304574
1719350184.2275186
1719350184.2321627
1719350184.232513
1719350184.341812
1719350184.4568613
1719350189.7259057
1719350194.9413106
1719350195.3122213
1719350195.3130453
1719350195.3135169
1719350195.3192694
1719350195.6261563
1719350195.6327844
1719350195.6330028
1719350195.6331308
1719350195.8303347
1719350195.830897
1719350195.8313074
1719350195.839116
1719350196.0406601
1719350196.0406723
1719350196.0448463
1719350196.045142
1719350196.1928458
1719350196.1968155
1719350196.1970127
1719350196.199839
1719350196.3763971
1719350196.3764648
1719350196.3769505
1719350196.3783202
1719350196.5719316
1719350196.579262
1719350196.5796208
1719350196.5797215
1719350196.7534566
1719350196.7616007
1719350196.7617428
1719350196.7618697
1719350197.1702437
1719350197.171777
1719350197.172863
1719350197.1771474
1719350197.4135323
1719350197.414815
1719350197.4157116
1719350197.4188697
1719350197.6015058
1719350197.6016
1719350197.6032038
1719350197.6041594
1719350198.405864
1719350200.1338153
1719350202.3207397
1719350202.3209908
1719350202.3213768
1719350202.3260386
1719350202.4863682
1719350202.4887419
1719350202.4927971
1719350202.4939852
1719350202.8917491
1719350202.8948665
1719350202.8951766
1719350203.0017269
1719350203.153512
1719350203.153681
1719350203.15378
1719350203.157443
1719350205.4068325
1719350207.8493743
1719350207.8555396
1719350207.8559475
1719350207.8570523
1719350208.4348714
1719350208.4357064
1719350208.441863
1719350208.4449239
1719350210.5673096
1719350213.539197
1719350215.37642
1719350215.376776
1719350215.3770897
1719350215.3776
1719350215.6217284
1719350215.6260233
1719350215.6264303
1719350215.626979
1719350215.7751505
1719350215.7758512
1719350215.7824135
1719350215.825786
1719350215.970296
1719350215.970417
1719350215.9737005
1719350215.9771264
1719350215.9773893
1719350216.2759101
1719350216.2763581
1719350216.2794986
1719350216.2801967
1719350216.3671508
1719350216.3686013
1719350216.3743176
1719350216.384622
1719350216.4937074
1719350216.4949086
1719350216.495437
1719350216.501129
1719350216.7473915
1719350216.7484765
1719350216.7532675
1719350216.7551413
1719350216.9829316
1719350216.9883075
1719350216.989074
1719350216.9915502
1719350217.2451422
1719350217.2456152
1719350217.247352
1719350217.2475274
1719350221.136797
1719350222.9331071
1719350222.937885
1719350222.9384966
1719350222.9391646
1719350226.3416116
1719350228.7595072
1719350231.5829523
1719350234.0100102
1719350234.0103316
1719350234.016956
1719350234.018437
1719350234.2335918
1719350234.2338235
1719350234.237816
1719350234.2406003
1719350236.760525
1719350242.097385
1719350243.8739953
1719350247.3898811
1719350250.0398967
1719350250.0399287
1719350250.0400784
1719350250.0406613
1719350252.6173356
1719350257.856602
1719350259.0580604
1719350263.1725361
1719350268.4397113
1719350273.7441645
1719350274.357729
1719350279.0253155
1719350284.3268297
1719350287.905483
1719350287.910055
1719350287.9123154
1719350287.9148889
1719350288.1114643
1719350288.1123664
1719350288.1134458
1719350288.113545
1719350288.3337958
1719350288.339491
1719350288.3413877
1719350288.3428469
1719350288.8007805
1719350288.806086
1719350288.8070831
1719350288.807413
1719350289.0620337
1719350289.0682592
1719350289.0687196
1719350289.0692701
1719350289.6000218
1719350289.617342
1719350293.3812528
1719350293.3821917
1719350293.3849175
1719350293.3865979
1719350293.5503154
1719350293.5541425
1719350293.55726
1719350293.5589342
1719350293.8711057
1719350293.8720052
1719350293.8775406
1719350293.8786733
1719350294.024193
1719350294.0254424
1719350294.0278997
1719350294.0284986
1719350294.1860108
1719350294.1959145
1719350294.196258
1719350294.1973634
1719350294.4009247
1719350294.4014413
1719350294.4057093
1719350294.4071138
1719350294.768047
1719350294.770402
1719350294.7705882
1719350294.7757797
1719350294.87393
1719350300.2746243
1719350300.4025803
1719350300.4026287
1719350300.4043
1719350300.4085567
1719350300.5461745
1719350300.5511506
1719350300.5540433
1719350300.5541368
1719350304.8908634
1719350305.459353
1719350307.2201037
1719350307.2214797
1719350307.2264674
1719350307.2265086
1719350307.43077
1719350307.436513
1719350307.4385111
1719350307.4435668
1719350310.6945071
1719350313.4968877
1719350313.4976854
1719350313.498561
1719350313.5028098
1719350313.6704967
1719350313.6705694
1719350313.672191
1719350313.678246
1719350315.9918418
1719350318.8886285
1719350318.8944502
1719350318.8951635
1719350318.8954034
1719350319.0926652
1719350319.095013
1719350319.1027503
1719350319.103965
1719350319.2684903
1719350319.2743528
1719350319.2759366
1719350319.3674622
1719350319.8559446
1719350319.8614435
1719350319.8647015
1719350319.8647342
1719350320.1545146
1719350321.2565122
1719350325.3256853
1719350325.3257294
1719350325.4322817
1719350325.4324362
1719350326.3956113
1719350331.5043283
1719350335.3672667
1719350335.914774
1719350335.9216099
1719350335.9228048
1719350335.9264147
1719350336.6252656
1719350341.7399604
1719350346.9760396
1719350350.5840325
1719350352.1786532
1719350357.4143336
1719350362.6366928
1719350365.792629
1719350366.5510192
1719350366.5527608
1719350366.558032
1719350366.5580862
1719350366.8443825
1719350366.8450253
1719350366.845385
1719350366.8471985
1719350366.9764688
1719350366.9773097
1719350367.0800147
1719350367.080194
1719350367.794305
1719350372.1254768
1719350372.1259503
1719350372.1274917
1719350372.127527
1719350372.3690739
1719350372.3710024
1719350372.3734698
1719350372.3735793
1719350372.609987
1719350372.6102138
1719350372.6194394
1719350372.6196096
1719350372.83221
1719350372.8324738
1719350372.8361363
1719350372.8372872
1719350372.9519012
1719350372.9531069
1719350372.953506
1719350372.9612043
1719350373.2198384
1719350373.2201276
1719350373.2312014
1719350373.231309
1719350373.2797718
1719350373.4011993
1719350373.4018226
1719350373.4073992
1719350373.4082959
1719350373.5723052
1719350373.6742089
1719350373.6800766
1719350373.6811285
1719350373.8632994
1719350373.8656397
1719350373.8660338
1719350373.8664486
1719350374.0218532
1719350374.027993
1719350374.0283415
1719350374.0289764
1719350374.157432
1719350374.1623094
1719350374.162619
1719350374.2741265
1719350378.7117357
1719350380.9601295
1719350383.9118354
1719350389.0362344
1719350394.2664056
1719350396.1926982
1719350399.5034065
1719350404.7336667
1719350409.9244194
1719350410.6302397
1719350410.631374
1719350410.631847
1719350410.6388447
1719350411.0221663
1719350411.0222797
1719350411.0250912
1719350411.0302503
1719350411.425021
1719350415.129145
1719350416.5166142
1719350416.5176933
1719350416.5216324
1719350416.5219338
1719350416.716211
1719350416.716992
1719350416.7215304
1719350416.722088
1719350416.9010174
1719350416.9044013
1719350416.904757
1719350416.9128084
1719350417.2607203
1719350417.3452446
1719350417.3469152
1719350417.3524346
1719350420.324801
1719350421.7576995
1719350421.7579055
1719350421.7662973
1719350421.766381
1719350421.8908715
1719350421.891481
1719350421.8980796
1719350421.8993156
1719350422.0435064
1719350422.0454063
1719350422.0513897
1719350422.1537561
1719350422.3250062
1719350422.3272808
1719350422.333548
1719350422.333667
1719350422.4748769
1719350422.4757535
1719350422.4763598
1719350422.5888057
1719350422.725764
1719350422.7285678
1719350422.7299094
1719350422.732501
1719350422.8785415
1719350422.9665883
1719350422.9673765
1719350422.9746535
1719350423.1785321
1719350423.1842425
1719350423.1843562
1719350423.188271
1719350423.6607668
1719350423.6669881
1719350423.671907
1719350423.675724
1719350423.8117654
1719350423.8121321
1719350423.8127093
1719350423.8154216
1719350425.5673153
1719350426.652332
1719350430.236856
1719350430.2414968
1719350430.2430146
1719350430.359933
1719350430.5185268
1719350430.5186017
1719350430.5227156
1719350430.5242374
1719350430.7836986
1719350430.863133
1719350430.868478
1719350430.8699803
1719350430.871241
1719350436.013995
1719350436.5052433
1719350436.5110304
1719350436.51202
1719350436.5131562
1719350436.7074375
1719350436.7121737
1719350436.7124484
1719350436.7127962
1719350436.8574479
1719350436.86343
1719350436.8639777
1719350436.8640842
1719350441.1888123
1719350441.9003143
1719350442.722315
1719350442.7224772
1719350442.7252595
1719350442.7326593
1719350443.2046845
1719350443.205916
1719350443.207474
1719350443.2116678
1719350443.40685
1719350443.407407
1719350443.4076707
1719350443.4152157
1719350446.391213
1719350451.7264905
1719350456.9258285
1719350457.1052556
1719350462.12662
1719350467.3537636
1719350468.6229627
1719350468.6298714
1719350468.7145488
1719350468.7153823
1719350468.9158912
1719350468.915995
1719350468.9168236
1719350468.9228575
1719350469.0744112
1719350469.0748515
1719350469.081092
1719350469.0820043
1719350469.3264227
1719350469.3288853
1719350469.331701
1719350469.3327892
1719350469.4743283
1719350469.47482
1719350469.4803457
1719350469.4804738
1719350469.7731347
1719350469.7769537
1719350469.7780108
1719350469.7789607
1719350469.9795828
1719350469.9837716
1719350469.9859762
1719350469.9864724
1719350470.203102
1719350470.203919
1719350470.208721
1719350470.219319
1719350470.4400525
1719350470.4401906
1719350470.4403145
1719350470.4467926
1719350470.5891292
1719350470.5892797
1719350470.5894387
1719350470.5942845
1719350470.7479274
1719350470.7491589
1719350470.7496808
1719350470.7552524
1719350471.231579
1719350471.2316406
1719350471.233697
1719350471.2374368
1719350471.444667
1719350471.449546
1719350471.450725
1719350471.4513888
1719350471.6023169
1719350471.6042366
1719350471.6089458
1719350471.609587
1719350472.3089352
1719350472.5557208
1719350477.7497876
1719350482.8683696
1719350487.487357
1719350488.0639927
1719350493.2509224
1719350494.3628995
1719350494.3647947
1719350494.3695362
1719350494.3698857
1719350498.5352535
1719350502.6141336
1719350503.6704712
1719350508.7959833
1719350514.030225
1719350517.820063
1719350519.3271341
1719350524.6332884
1719350528.5585408
1719350528.5611627
1719350528.5648487
1719350528.5652323
1719350528.7233834
1719350528.729698
1719350528.7299857
1719350528.7308052
1719350529.858089
1719350532.9392555
1719350534.9658911
1719350538.926726
1719350538.9273007
1719350538.9336433
1719350538.938753
1719350539.0799897
1719350539.0816262
1719350539.1791034
1719350539.1838522
1719350539.3224285
1719350539.3309128
1719350539.3322322
1719350539.3340251
1719350539.5105917
1719350539.5107348
1719350539.5114336
1719350539.5171316
1719350539.727355
1719350539.7327652
1719350539.7341273
1719350539.7347252
1719350539.8779752
1719350539.8796697
1719350539.8855386
1719350539.886045
1719350540.1183703
1719350540.1794925
1719350540.17992
1719350540.1846056
1719350540.5818758
1719350540.5827253
1719350540.5879133
1719350540.5893714
1719350540.7307184
1719350540.7312768
1719350540.7357907
1719350540.7373033
1719350544.9257839
1719350544.9319687
1719350544.9324212
1719350544.9332438
1719350545.1301491
1719350545.1362627
1719350545.1369388
1719350545.1375966
1719350545.353563
1719350545.3535633
1719350545.3544493
1719350545.3548925
1719350545.497685
1719350545.4983053
1719350545.500317
1719350545.5012128
1719350545.7431226
1719350545.743698
1719350545.7499201
1719350545.7508292
1719350545.8473744
1719350545.967557
1719350545.9678874
1719350545.9745495
1719350546.1420534
1719350546.1429665
1719350546.145137
1719350546.1478326
1719350546.356462
1719350546.3573322
1719350546.3632648
1719350546.3646967
1719350546.59791
1719350546.702509
1719350546.7026715
1719350546.7043235
1719350547.0608609
1719350547.0611289
1719350547.0635848
1719350547.1644983
1719350547.1648862
1719350547.1661901
1719350547.1713445
1719350547.1793866
1719350547.293994
1719350547.294704
1719350547.2995918
1719350547.300123
1719350548.112316
1719350550.941777
1719350551.7315733
1719350551.7354524
1719350551.7357597
1719350551.7367654
1719350551.9343607
1719350551.9410665
1719350551.9414818
1719350551.941843
1719350552.1148255
1719350552.1202166
1719350552.1212304
1719350552.121392
1719350552.5945466
1719350552.6003327
1719350552.6009471
1719350552.6065843
1719350556.1997552
1719350556.9644892
1719350556.9651346
1719350556.9660904
1719350556.9684618
1719350557.210521
1719350557.2105627
1719350557.2116084
1719350557.2199638
1719350557.3697073
1719350557.3741
1719350557.3751426
1719350557.3773978
1719350557.5149155
1719350557.5149825
1719350557.516131
1719350557.5162218
1719350557.7414548
1719350557.7420313
1719350557.7456822
1719350557.749381
1719350557.9114678
1719350557.9187992
1719350557.919515
1719350558.0193174
1719350558.1219177
1719350558.1279645
1719350558.1311233
1719350558.2404108
1719350558.371028
1719350558.3721495
1719350558.3723087
1719350558.373168
1719350558.4981704
1719350558.4995027
1719350558.4996405
1719350558.5054722
1719350558.7756147
1719350558.7836626
1719350558.7839055
1719350558.7859652
1719350558.955169
1719350558.955874
1719350558.9620318
1719350558.9651186
1719350559.3399134
1719350559.3410466
1719350559.3414342
1719350559.3464265
1719350561.4429433
1719350563.2123606
1719350563.2124202
1719350563.2139144
1719350563.2146685
1719350563.3440125
1719350563.3514159
1719350563.35263
1719350563.3542483
1719350563.393329
1719350563.5189164
1719350563.5203445
1719350563.520711
1719350563.5276928
1719350566.751128
1719350571.9919074
1719350577.2663238
1719350578.6666422
1719350582.439759
1719350585.9404173
1719350585.9407399
1719350585.9446383
1719350585.9467123
1719350586.1370623
1719350586.1373029
1719350586.1391344
1719350586.140514
1719350586.2355855
1719350586.2356448
1719350586.2418897
1719350586.3506234
1719350586.727292
1719350586.7318287
1719350586.73243
1719350586.7328506
1719350586.9438095
1719350586.944638
1719350586.9511552
1719350586.951805
1719350587.685256
1719350591.130553
1719350591.1307216
1719350591.1308475
1719350591.1349323
1719350591.3438594
1719350591.344219
1719350591.3495364
1719350591.3501387
1719350591.4789937
1719350591.4884546
1719350591.4909286
1719350591.591388
1719350591.6901922
1719350591.6920552
1719350591.6981986
1719350591.6982849
1719350591.8583944
1719350591.8588321
1719350591.858972
1719350591.8653672
1719350592.062851
1719350592.1651554
1719350592.1685455
1719350592.1707215
1719350592.2756932
1719350592.276438
1719350592.282924
1719350592.2830024
1719350592.6804032
1719350592.6810071
1719350592.6908364
1719350592.7992444
1719350592.987489
1719350592.9883842
1719350592.9943655
1719350592.994768
1719350593.038714
1719350593.8852088
1719350596.2092433
1719350596.7504995
1719350596.7574766
1719350596.7581832
1719350596.7637086
1719350596.8914077
1719350596.8934264
1719350596.8964612
1719350596.9005685
1719350597.134136
1719350597.1345258
1719350597.136225
1719350597.141685
1719350597.2788303
1719350597.2794015
1719350597.2795067
1719350597.2857113
1719350598.297369
1719350602.4163888
1719350602.418292
1719350602.4189904
1719350602.4202542
1719350603.5000951
1719350608.7008605
1719350609.0486915
1719350613.8980498
1719350617.9061441
1719350617.9126806
1719350617.9127097
1719350617.914675
1719350619.0924864
1719350621.8705766
1719350621.8707106
1719350621.877845
1719350621.884125
1719350622.1236176
1719350622.1248667
1719350622.130277
1719350622.1319983
1719350622.3737726
1719350622.380238
1719350622.3815687
1719350622.3827326
1719350622.5139375
1719350622.5179834
1719350622.6360729
1719350622.638301
1719350623.181129
1719350623.181777
1719350623.1821039
1719350623.1849043
1719350624.2613468
1719350624.3879185
1719350628.255724
1719350628.2586615
1719350628.2604177
1719350628.2613626
1719350628.5514827
1719350628.5517488
1719350628.556575
1719350628.5583875
1719350628.836878
1719350628.8369694
1719350628.8419995
1719350628.8433695
1719350628.954144
1719350628.9583044
1719350628.9611433
1719350628.961621
1719350629.5243692
1719350634.6608853
1719350636.5063906
1719350636.5118847
1719350636.512744
1719350636.513767
1719350636.668137
1719350636.6721385
1719350636.6740482
1719350636.6767066
1719350636.833596
1719350636.8336704
1719350636.8407936
1719350636.9496934
1719350637.1338885
1719350637.134183
1719350637.134595
1719350637.1348603
1719350637.4352841
1719350637.4394517
1719350637.4397466
1719350637.4416611
1719350637.7095864
1719350637.710107
1719350637.710262
1719350637.713826
1719350639.3894122
1719350639.8224413
1719350645.0142388
1719350645.9464753
1719350645.9505527
1719350645.9511971
1719350645.9529564
1719350646.1084998
1719350646.1151474
1719350646.115988
1719350646.1182427
1719350646.2320585
1719350646.3275852
1719350646.3339276
1719350646.3350847
1719350646.660423
1719350646.6660244
1719350646.666174
1719350646.6667101
1719350646.9355829
1719350646.9359236
1719350646.9362621
1719350646.9384382
1719350650.228688
1719350652.7580175
1719350652.75837
1719350652.76317
1719350652.7633321
1719350653.154986
1719350653.1568346
1719350653.1615896
1719350653.1619802
1719350654.5509076
1719350655.5261955
1719350658.9390647
1719350658.9457507
1719350658.947073
1719350658.9476862
1719350659.0974064
1719350659.098414
1719350659.099155
1719350659.106401
1719350660.7667787
1719350664.7787344
1719350664.7800322
1719350664.780412
1719350664.781961
1719350664.9299634
1719350664.936537
1719350664.9366493
1719350664.9381812
1719350665.957635
1719350669.6675613
1719350670.9336102
1719350670.9371777
1719350670.937227
1719350670.9415193
1719350671.1161916
1719350671.1206176
1719350671.1207554
1719350671.1220112
1719350671.2289226
1719350671.359367
1719350671.3594558
1719350671.3607385
1719350671.3634515
1719350671.5919895
1719350671.592499
1719350671.5931945
1719350671.5995855
1719350671.877397
1719350676.4890726
1719350681.6856995
1719350682.233396
1719350682.2335234
1719350682.2419078
1719350682.243238
1719350682.478801
1719350682.4813116
1719350682.4849298
1719350682.4855993
1719350682.664717
1719350682.6648173
1719350682.743831
1719350682.7497525
1719350686.8845723
1719350687.095025
1719350687.7510722
1719350687.7574608
1719350687.757784
1719350687.76298
1719350687.8665452
1719350687.8668299
1719350687.869319
1719350687.8730068
1719350688.0617487
1719350688.0618834
1719350688.0638375
1719350688.0662472
1719350688.248789
1719350688.250755
1719350688.2574904
1719350688.2579806
1719350688.521831
1719350688.522193
1719350688.522294
1719350688.528645
1719350688.8524282
1719350688.8559427
1719350688.8592281
1719350688.859288
1719350688.8599901
1719350688.9678752
1719350688.9698446
1719350688.974906
1719350689.1935897
1719350689.2011547
1719350689.2014399
1719350689.201761
1719350689.4908402
1719350689.4975226
1719350689.4978685
1719350689.4987714
1719350692.1061907
1719350693.936063
1719350693.940739
1719350693.9425914
1719350693.9434779
1719350694.114461
1719350694.1182444
1719350694.11961
1719350694.120558
1719350694.325601
1719350694.3259518
1719350694.3260775
1719350694.3317869
1719350694.5298781
1719350694.5308554
1719350694.5372593
1719350694.5395565
1719350694.9155583
1719350694.9165206
1719350694.9215946
1719350694.9223256
1719350695.1168535
1719350695.1182978
1719350695.1184423
1719350695.1215045
1719350697.212945
1719350700.5281906
1719350700.5341685
1719350700.5418417
1719350700.6388354
1719350700.737072
1719350700.738718
1719350700.7419922
1719350700.7424657
1719350700.8966448
1719350700.8980417
1719350700.9024253
1719350700.9038982
1719350701.0681007
1719350701.070168
1719350701.0710573
1719350701.07353
1719350701.3694077
1719350701.4729168
1719350701.4752767
1719350701.4816473
1719350701.601994
1719350701.6065946
1719350701.6078413
1719350701.608265
1719350701.73028
1719350701.7306306
1719350701.7367108
1719350701.7368734
1719350702.159428
1719350702.2579129
1719350702.2640407
1719350702.2653747
1719350702.3022456
1719350702.4795659
1719350707.7305613
1719350707.7332413
1719350707.7336845
1719350707.7397535
1719350707.7455125
1719350707.921969
1719350707.9272053
1719350707.9279833
1719350707.9288065
1719350708.0980828
1719350708.105264
1719350708.1054387
1719350708.1055696
1719350708.2441447
1719350708.2451286
1719350708.3511794
1719350708.3582203
1719350708.5169792
1719350708.5209525
1719350708.5211222
1719350708.6257472
1719350708.7830863
1719350708.7894394
1719350708.7900555
1719350708.7918801
1719350709.1014411
1719350709.1084983
1719350709.2060668
1719350709.2141292
1719350713.261361
