1719255375.0749803
1719255376.0981529
----------
1719255389.0666397
1719255390.0896928
1719255391.1301138
----------
1719255394.029703
1719255395.074913
1719255396.0979633
----------
1719255401.0764754
1719255402.09963
1719255403.1223063
1719255404.1446352
1719255405.1671457
----------
1719255418.0619755
1719255419.0960317
1719255420.1183088
1719255421.1413496
----------
1719255430.053615
1719255431.143342
1719255432.1702912
1719255433.1933053
1719255434.2163458
1719255435.239449
1719255436.262231
----------
1719255446.1643727
1719255447.1874397
1719255448.2102337
1719255449.2332606
1719255450.256307
1719255451.2794116
----------
1719255467.056317
1719255468.079379
1719255469.1022267
1719255470.1253028
1719255471.1483846
1719255472.1714797
----------
1719255481.0771418
1719255482.1002727
1719255483.1233456
1719255484.1462886
----------
1719255490.0456753
1719255491.0819325
1719255492.1049764
1719255493.1280987
----------
1719255502.0547576
1719255503.0778542
1719255504.1009097
1719255505.1414778
----------
1719255515.0049813
1719255516.058426
1719255517.0968673
1719255518.118999
1719255519.1414516
----------
1719255530.0786119
1719255531.1153498
----------
1719255535.0774567
1719255536.1005535
1719255537.123268
1719255538.146252
1719255539.176877
----------
1719255546.046685
1719255547.0705733
1719255548.093645
1719255549.1164038
1719255550.1394367
----------
1719255559.1115928
1719255560.1341794
1719255561.1572351
----------
1719255568.0115838
1719255569.0504043
1719255570.073478
1719255571.097689
----------
1719255579.1150575
1719255580.1371524
1719255581.1602435
----------
1719255584.0724545
1719255585.0955586
1719255586.118239
1719255587.1413276
1719255588.1643429
1719255589.1873724
1719255590.2101774
----------
1719255597.1234927
1719255598.146226
1719255599.1692958
1719255600.1923327
1719255601.2153652
1719255602.2382154
----------
1719255610.0909076
1719255611.1141198
1719255612.137126
1719255613.1602106
1719255614.183262
----------
1719255626.0683053
1719255627.1064756
----------
1719255637.9817429
1719255639.0083497
1719255640.040283
1719255641.0692894
----------
1719255647.1036534
1719255648.1262395
1719255649.1494277
1719255650.1724977
1719255651.1955793
----------
1719255659.0942771
1719255660.1173007
1719255661.1404157
1719255662.1634924
1719255663.1862803
1719255664.2093554
1719255665.2323833
1719255666.255415
----------
1719255676.0716465
1719255677.1108613
1719255678.133948
1719255679.1570234
1719255680.1800976
1719255681.202221
----------
1719255688.0690188
1719255689.0920556
1719255690.1142924
1719255691.142464
1719255692.1656342
----------
