1719179378.4225736
1719179378.6448362
1719179378.8670797
1719179379.0893292
1719179379.3115444
1719179379.5338235
1719179379.7560327
1719179379.979026
1719179380.2013297
1719179380.4235759
1719179380.6458197
1719179380.868095
1719179381.0903785
1719179381.312719
1719179381.534981
1719179381.7572482
1719179381.9794447
1719179382.2027843
1719179382.4249651
1719179382.6472597
1719179382.869602
1719179383.0948017
1719179383.3170075
----------
1719179387.5032687
1719179387.7255664
1719179387.9478524
1719179388.1700933
1719179388.392578
1719179388.6147234
----------
1719179390.0459154
1719179390.2681787
1719179390.490475
1719179390.712721
1719179390.935038
1719179391.1573408
1719179391.379619
1719179391.601886
1719179391.8242135
----------
1719179395.5960302
1719179395.8182976
1719179396.040583
1719179396.2628634
1719179396.485062
1719179396.7085323
1719179396.9308348
1719179397.153
1719179397.3753312
1719179397.597573
----------
1719179401.7095468
1719179401.9318013
1719179402.154008
1719179402.3762548
1719179402.5984995
1719179402.8207655
1719179403.042973
1719179403.2652535
1719179403.4875336
1719179403.7098277
1719179403.9321473
1719179404.154352
1719179404.3765793
1719179404.5989132
1719179404.8214293
1719179405.043663
1719179405.265881
1719179405.4881241
1719179405.710413
1719179405.9326577
1719179406.1548922
1719179406.3770103
----------
1719179410.5946352
1719179410.8169165
1719179411.0392172
1719179411.261454
1719179411.4836886
1719179411.7059107
1719179411.9282143
1719179412.150541
1719179412.3727272
----------
1719179416.5769992
1719179416.7992308
1719179417.021486
1719179417.243728
1719179417.4659944
----------
1719179421.290674
1719179421.5129426
1719179421.735194
1719179421.9574919
1719179422.179778
1719179422.4020753
1719179422.6242876
1719179422.84655
1719179423.068781
1719179423.2910464
1719179423.513367
1719179423.7355762
----------
1719179427.7232785
1719179427.9458187
1719179428.1681411
1719179428.3903873
1719179428.6128247
1719179428.8350956
1719179429.057362
1719179429.2796636
1719179429.5018992
----------
1719179434.0817807
1719179434.3040876
1719179434.5263958
1719179434.748559
1719179434.970723
1719179435.1929545
1719179435.4152567
----------
