1719179369.1292994
1719179369.1292994
1719179371.3108094
1719179369.1292994
1719179371.3108094
1719179369.1292994
1719179371.3108094
1719179374.4219654
1719179369.1292994
1719179371.3108094
1719179374.4219654
1719179369.1292994
1719179371.3108094
1719179374.4219654
1719179379.1030579
1719179379.1075132
1719179379.1089349
1719179379.1417787
1719179379.355098
1719179379.4122212
1719179379.4378664
1719179379.4816046
1719179379.4917767
1719179379.7479444
1719179379.783367
1719179379.788707
1719179379.9076588
1719179369.1292994
1719179371.3108094
1719179374.4219654
1719179379.1030579
1719179379.1075132
1719179379.1089349
1719179379.1417787
1719179379.355098
1719179379.4122212
1719179379.4378664
1719179379.4816046
1719179379.4917767
1719179379.7479444
1719179379.783367
1719179379.788707
1719179379.9076588
1719179380.1935813
1719179380.1997712
1719179380.2014167
1719179380.2019458
1719179380.4346354
1719179380.5275595
1719179380.528772
1719179380.532762
1719179380.5338783
1719179380.9455822
1719179380.946305
1719179380.9554746
1719179380.9580393
1719179381.2727697
1719179381.274136
1719179381.2802157
1719179381.2806768
1719179381.581649
1719179381.5905933
1719179381.6764905
1719179381.6807761
1719179381.9699063
1719179381.9762695
1719179381.9781492
1719179381.9788656
1719179382.1214223
1719179369.1292994
1719179371.3108094
1719179374.4219654
1719179379.1030579
1719179379.1075132
1719179379.1089349
1719179379.1417787
1719179379.355098
1719179379.4122212
1719179379.4378664
1719179379.4816046
1719179379.4917767
1719179379.7479444
1719179379.783367
1719179379.788707
1719179379.9076588
1719179380.1935813
1719179380.1997712
1719179380.2014167
1719179380.2019458
1719179380.4346354
1719179380.5275595
1719179380.528772
1719179380.532762
1719179380.5338783
1719179380.9455822
1719179380.946305
1719179380.9554746
1719179380.9580393
1719179381.2727697
1719179381.274136
1719179381.2802157
1719179381.2806768
1719179381.581649
1719179381.5905933
1719179381.6764905
1719179381.6807761
1719179381.9699063
1719179381.9762695
1719179381.9781492
1719179381.9788656
1719179382.1214223
1719179382.2440507
1719179382.25149
1719179382.2522426
1719179382.4086218
1719179382.415183
1719179382.4162173
1719179382.4170337
1719179382.7490907
1719179382.750837
1719179382.7516909
1719179382.8506472
1719179383.1483223
1719179383.1539943
1719179383.1580558
1719179383.2555685
1719179383.512362
1719179383.5133574
1719179383.5178306
1719179383.5186608
1719179383.8389494
1719179383.839771
1719179383.8439224
1719179383.84457
1719179369.1292994
1719179371.3108094
1719179374.4219654
1719179379.1030579
1719179379.1075132
1719179379.1089349
1719179379.1417787
1719179379.355098
1719179379.4122212
1719179379.4378664
1719179379.4816046
1719179379.4917767
1719179379.7479444
1719179379.783367
1719179379.788707
1719179379.9076588
1719179380.1935813
1719179380.1997712
1719179380.2014167
1719179380.2019458
1719179380.4346354
1719179380.5275595
1719179380.528772
1719179380.532762
1719179380.5338783
1719179380.9455822
1719179380.946305
1719179380.9554746
1719179380.9580393
1719179381.2727697
1719179381.274136
1719179381.2802157
1719179381.2806768
1719179381.581649
1719179381.5905933
1719179381.6764905
1719179381.6807761
1719179381.9699063
1719179381.9762695
1719179381.9781492
1719179381.9788656
1719179382.1214223
1719179382.2440507
1719179382.25149
1719179382.2522426
1719179382.4086218
1719179382.415183
1719179382.4162173
1719179382.4170337
1719179382.7490907
1719179382.750837
1719179382.7516909
1719179382.8506472
1719179383.1483223
1719179383.1539943
1719179383.1580558
1719179383.2555685
1719179383.512362
1719179383.5133574
1719179383.5178306
1719179383.5186608
1719179383.8389494
1719179383.839771
1719179383.8439224
1719179383.84457
1719179385.8195257
1719179369.1292994
1719179371.3108094
1719179374.4219654
1719179379.1030579
1719179379.1075132
1719179379.1089349
1719179379.1417787
1719179379.355098
1719179379.4122212
1719179379.4378664
1719179379.4816046
1719179379.4917767
1719179379.7479444
1719179379.783367
1719179379.788707
1719179379.9076588
1719179380.1935813
1719179380.1997712
1719179380.2014167
1719179380.2019458
1719179380.4346354
1719179380.5275595
1719179380.528772
1719179380.532762
1719179380.5338783
1719179380.9455822
1719179380.946305
1719179380.9554746
1719179380.9580393
1719179381.2727697
1719179381.274136
1719179381.2802157
1719179381.2806768
1719179381.581649
1719179381.5905933
1719179381.6764905
1719179381.6807761
1719179381.9699063
1719179381.9762695
1719179381.9781492
1719179381.9788656
1719179382.1214223
1719179382.2440507
1719179382.25149
1719179382.2522426
1719179382.4086218
1719179382.415183
1719179382.4162173
1719179382.4170337
1719179382.7490907
1719179382.750837
1719179382.7516909
1719179382.8506472
1719179383.1483223
1719179383.1539943
1719179383.1580558
1719179383.2555685
1719179383.512362
1719179383.5133574
1719179383.5178306
1719179383.5186608
1719179383.8389494
1719179383.839771
1719179383.8439224
1719179383.84457
1719179385.8195257
1719179388.1996703
1719179388.2002032
1719179388.204702
1719179388.2069337
1719179369.1292994
1719179371.3108094
1719179374.4219654
1719179379.1030579
1719179379.1075132
1719179379.1089349
1719179379.1417787
1719179379.355098
1719179379.4122212
1719179379.4378664
1719179379.4816046
1719179379.4917767
1719179379.7479444
1719179379.783367
1719179379.788707
1719179379.9076588
1719179380.1935813
1719179380.1997712
1719179380.2014167
1719179380.2019458
1719179380.4346354
1719179380.5275595
1719179380.528772
1719179380.532762
1719179380.5338783
1719179380.9455822
1719179380.946305
1719179380.9554746
1719179380.9580393
1719179381.2727697
1719179381.274136
1719179381.2802157
1719179381.2806768
1719179381.581649
1719179381.5905933
1719179381.6764905
1719179381.6807761
1719179381.9699063
1719179381.9762695
1719179381.9781492
1719179381.9788656
1719179382.1214223
1719179382.2440507
1719179382.25149
1719179382.2522426
1719179382.4086218
1719179382.415183
1719179382.4162173
1719179382.4170337
1719179382.7490907
1719179382.750837
1719179382.7516909
1719179382.8506472
1719179383.1483223
1719179383.1539943
1719179383.1580558
1719179383.2555685
1719179383.512362
1719179383.5133574
1719179383.5178306
1719179383.5186608
1719179383.8389494
1719179383.839771
1719179383.8439224
1719179383.84457
1719179385.8195257
1719179388.1996703
1719179388.2002032
1719179388.204702
1719179388.2069337
1719179388.519686
1719179388.629941
1719179388.6312885
1719179388.6331744
1719179388.9494348
1719179388.949649
1719179388.9498103
1719179388.9515674
1719179389.255489
1719179389.2555647
1719179389.2627056
1719179389.3776813
1719179369.1292994
1719179371.3108094
1719179374.4219654
1719179379.1030579
1719179379.1075132
1719179379.1089349
1719179379.1417787
1719179379.355098
1719179379.4122212
1719179379.4378664
1719179379.4816046
1719179379.4917767
1719179379.7479444
1719179379.783367
1719179379.788707
1719179379.9076588
1719179380.1935813
1719179380.1997712
1719179380.2014167
1719179380.2019458
1719179380.4346354
1719179380.5275595
1719179380.528772
1719179380.532762
1719179380.5338783
1719179380.9455822
1719179380.946305
1719179380.9554746
1719179380.9580393
1719179381.2727697
1719179381.274136
1719179381.2802157
1719179381.2806768
1719179381.581649
1719179381.5905933
1719179381.6764905
1719179381.6807761
1719179381.9699063
1719179381.9762695
1719179381.9781492
1719179381.9788656
1719179382.1214223
1719179382.2440507
1719179382.25149
1719179382.2522426
1719179382.4086218
1719179382.415183
1719179382.4162173
1719179382.4170337
1719179382.7490907
1719179382.750837
1719179382.7516909
1719179382.8506472
1719179383.1483223
1719179383.1539943
1719179383.1580558
1719179383.2555685
1719179383.512362
1719179383.5133574
1719179383.5178306
1719179383.5186608
1719179383.8389494
1719179383.839771
1719179383.8439224
1719179383.84457
1719179385.8195257
1719179388.1996703
1719179388.2002032
1719179388.204702
1719179388.2069337
1719179388.519686
1719179388.629941
1719179388.6312885
1719179388.6331744
1719179388.9494348
1719179388.949649
1719179388.9498103
1719179388.9515674
1719179389.255489
1719179389.2555647
1719179389.2627056
1719179389.3776813
1719179390.658464
1719179390.6602478
1719179390.6652188
1719179390.6660893
1719179390.9849827
1719179391.0141008
1719179391.0167274
1719179391.0208597
1719179391.119711
1719179391.3999681
1719179391.4039726
1719179391.4061637
1719179391.5182028
1719179391.7647269
1719179391.7690797
1719179391.7701013
1719179391.8783321
1719179392.1103237
1719179392.1111207
1719179392.1154118
1719179392.1154625
1719179369.1292994
1719179371.3108094
1719179374.4219654
1719179379.1030579
1719179379.1075132
1719179379.1089349
1719179379.1417787
1719179379.355098
1719179379.4122212
1719179379.4378664
1719179379.4816046
1719179379.4917767
1719179379.7479444
1719179379.783367
1719179379.788707
1719179379.9076588
1719179380.1935813
1719179380.1997712
1719179380.2014167
1719179380.2019458
1719179380.4346354
1719179380.5275595
1719179380.528772
1719179380.532762
1719179380.5338783
1719179380.9455822
1719179380.946305
1719179380.9554746
1719179380.9580393
1719179381.2727697
1719179381.274136
1719179381.2802157
1719179381.2806768
1719179381.581649
1719179381.5905933
1719179381.6764905
1719179381.6807761
1719179381.9699063
1719179381.9762695
1719179381.9781492
1719179381.9788656
1719179382.1214223
1719179382.2440507
1719179382.25149
1719179382.2522426
1719179382.4086218
1719179382.415183
1719179382.4162173
1719179382.4170337
1719179382.7490907
1719179382.750837
1719179382.7516909
1719179382.8506472
1719179383.1483223
1719179383.1539943
1719179383.1580558
1719179383.2555685
1719179383.512362
1719179383.5133574
1719179383.5178306
1719179383.5186608
1719179383.8389494
1719179383.839771
1719179383.8439224
1719179383.84457
1719179385.8195257
1719179388.1996703
1719179388.2002032
1719179388.204702
1719179388.2069337
1719179388.519686
1719179388.629941
1719179388.6312885
1719179388.6331744
1719179388.9494348
1719179388.949649
1719179388.9498103
1719179388.9515674
1719179389.255489
1719179389.2555647
1719179389.2627056
1719179389.3776813
1719179390.658464
1719179390.6602478
1719179390.6652188
1719179390.6660893
1719179390.9849827
1719179391.0141008
1719179391.0167274
1719179391.0208597
1719179391.119711
1719179391.3999681
1719179391.4039726
1719179391.4061637
1719179391.5182028
1719179391.7647269
1719179391.7690797
1719179391.7701013
1719179391.8783321
1719179392.1103237
1719179392.1111207
1719179392.1154118
1719179392.1154625
1719179369.1292994
1719179371.3108094
1719179374.4219654
1719179379.1030579
1719179379.1075132
1719179379.1089349
1719179379.1417787
1719179379.355098
1719179379.4122212
1719179379.4378664
1719179379.4816046
1719179379.4917767
1719179379.7479444
1719179379.783367
1719179379.788707
1719179379.9076588
1719179380.1935813
1719179380.1997712
1719179380.2014167
1719179380.2019458
1719179380.4346354
1719179380.5275595
1719179380.528772
1719179380.532762
1719179380.5338783
1719179380.9455822
1719179380.946305
1719179380.9554746
1719179380.9580393
1719179381.2727697
1719179381.274136
1719179381.2802157
1719179381.2806768
1719179381.581649
1719179381.5905933
1719179381.6764905
1719179381.6807761
1719179381.9699063
1719179381.9762695
1719179381.9781492
1719179381.9788656
1719179382.1214223
1719179382.2440507
1719179382.25149
1719179382.2522426
1719179382.4086218
1719179382.415183
1719179382.4162173
1719179382.4170337
1719179382.7490907
1719179382.750837
1719179382.7516909
1719179382.8506472
1719179383.1483223
1719179383.1539943
1719179383.1580558
1719179383.2555685
1719179383.512362
1719179383.5133574
1719179383.5178306
1719179383.5186608
1719179383.8389494
1719179383.839771
1719179383.8439224
1719179383.84457
1719179385.8195257
1719179388.1996703
1719179388.2002032
1719179388.204702
1719179388.2069337
1719179388.519686
1719179388.629941
1719179388.6312885
1719179388.6331744
1719179388.9494348
1719179388.949649
1719179388.9498103
1719179388.9515674
1719179389.255489
1719179389.2555647
1719179389.2627056
1719179389.3776813
1719179390.658464
1719179390.6602478
1719179390.6652188
1719179390.6660893
1719179390.9849827
1719179391.0141008
1719179391.0167274
1719179391.0208597
1719179391.119711
1719179391.3999681
1719179391.4039726
1719179391.4061637
1719179391.5182028
1719179391.7647269
1719179391.7690797
1719179391.7701013
1719179391.8783321
1719179392.1103237
1719179392.1111207
1719179392.1154118
1719179392.1154625
1719179394.7368178
1719179396.230716
1719179396.23077
1719179396.2310784
1719179396.3276625
1719179396.4662337
1719179369.1292994
1719179371.3108094
1719179374.4219654
1719179379.1030579
1719179379.1075132
1719179379.1089349
1719179379.1417787
1719179379.355098
1719179379.4122212
1719179379.4378664
1719179379.4816046
1719179379.4917767
1719179379.7479444
1719179379.783367
1719179379.788707
1719179379.9076588
1719179380.1935813
1719179380.1997712
1719179380.2014167
1719179380.2019458
1719179380.4346354
1719179380.5275595
1719179380.528772
1719179380.532762
1719179380.5338783
1719179380.9455822
1719179380.946305
1719179380.9554746
1719179380.9580393
1719179381.2727697
1719179381.274136
1719179381.2802157
1719179381.2806768
1719179381.581649
1719179381.5905933
1719179381.6764905
1719179381.6807761
1719179381.9699063
1719179381.9762695
1719179381.9781492
1719179381.9788656
1719179382.1214223
1719179382.2440507
1719179382.25149
1719179382.2522426
1719179382.4086218
1719179382.415183
1719179382.4162173
1719179382.4170337
1719179382.7490907
1719179382.750837
1719179382.7516909
1719179382.8506472
1719179383.1483223
1719179383.1539943
1719179383.1580558
1719179383.2555685
1719179383.512362
1719179383.5133574
1719179383.5178306
1719179383.5186608
1719179383.8389494
1719179383.839771
1719179383.8439224
1719179383.84457
1719179385.8195257
1719179388.1996703
1719179388.2002032
1719179388.204702
1719179388.2069337
1719179388.519686
1719179388.629941
1719179388.6312885
1719179388.6331744
1719179388.9494348
1719179388.949649
1719179388.9498103
1719179388.9515674
1719179389.255489
1719179389.2555647
1719179389.2627056
1719179389.3776813
1719179390.658464
1719179390.6602478
1719179390.6652188
1719179390.6660893
1719179390.9849827
1719179391.0141008
1719179391.0167274
1719179391.0208597
1719179391.119711
1719179391.3999681
1719179391.4039726
1719179391.4061637
1719179391.5182028
1719179391.7647269
1719179391.7690797
1719179391.7701013
1719179391.8783321
1719179392.1103237
1719179392.1111207
1719179392.1154118
1719179392.1154625
1719179394.7368178
1719179396.230716
1719179396.23077
1719179396.2310784
1719179396.3276625
1719179396.4662337
1719179396.6268668
1719179396.6276865
1719179396.6331704
1719179396.6340923
1719179396.981563
1719179396.982643
1719179396.9831645
1719179396.9880497
1719179397.201759
1719179397.2030609
1719179397.3045266
1719179397.3123398
1719179397.7030172
1719179397.7088046
1719179397.7093294
1719179397.711619
1719179397.9988766
1719179397.998931
1719179397.999344
1719179397.9996583
1719179398.2384093
1719179398.240799
1719179398.240901
1719179398.2439868
1719179369.1292994
1719179371.3108094
1719179374.4219654
1719179379.1030579
1719179379.1075132
1719179379.1089349
1719179379.1417787
1719179379.355098
1719179379.4122212
1719179379.4378664
1719179379.4816046
1719179379.4917767
1719179379.7479444
1719179379.783367
1719179379.788707
1719179379.9076588
1719179380.1935813
1719179380.1997712
1719179380.2014167
1719179380.2019458
1719179380.4346354
1719179380.5275595
1719179380.528772
1719179380.532762
1719179380.5338783
1719179380.9455822
1719179380.946305
1719179380.9554746
1719179380.9580393
1719179381.2727697
1719179381.274136
1719179381.2802157
1719179381.2806768
1719179381.581649
1719179381.5905933
1719179381.6764905
1719179381.6807761
1719179381.9699063
1719179381.9762695
1719179381.9781492
1719179381.9788656
1719179382.1214223
1719179382.2440507
1719179382.25149
1719179382.2522426
1719179382.4086218
1719179382.415183
1719179382.4162173
1719179382.4170337
1719179382.7490907
1719179382.750837
1719179382.7516909
1719179382.8506472
1719179383.1483223
1719179383.1539943
1719179383.1580558
1719179383.2555685
1719179383.512362
1719179383.5133574
1719179383.5178306
1719179383.5186608
1719179383.8389494
1719179383.839771
1719179383.8439224
1719179383.84457
1719179385.8195257
1719179388.1996703
1719179388.2002032
1719179388.204702
1719179388.2069337
1719179388.519686
1719179388.629941
1719179388.6312885
1719179388.6331744
1719179388.9494348
1719179388.949649
1719179388.9498103
1719179388.9515674
1719179389.255489
1719179389.2555647
1719179389.2627056
1719179389.3776813
1719179390.658464
1719179390.6602478
1719179390.6652188
1719179390.6660893
1719179390.9849827
1719179391.0141008
1719179391.0167274
1719179391.0208597
1719179391.119711
1719179391.3999681
1719179391.4039726
1719179391.4061637
1719179391.5182028
1719179391.7647269
1719179391.7690797
1719179391.7701013
1719179391.8783321
1719179392.1103237
1719179392.1111207
1719179392.1154118
1719179392.1154625
1719179394.7368178
1719179396.230716
1719179396.23077
1719179396.2310784
1719179396.3276625
1719179396.4662337
1719179396.6268668
1719179396.6276865
1719179396.6331704
1719179396.6340923
1719179396.981563
1719179396.982643
1719179396.9831645
1719179396.9880497
1719179397.201759
1719179397.2030609
1719179397.3045266
1719179397.3123398
1719179397.7030172
1719179397.7088046
1719179397.7093294
1719179397.711619
1719179397.9988766
1719179397.998931
1719179397.999344
1719179397.9996583
1719179398.2384093
1719179398.240799
1719179398.240901
1719179398.2439868
1719179369.1292994
1719179371.3108094
1719179374.4219654
1719179379.1030579
1719179379.1075132
1719179379.1089349
1719179379.1417787
1719179379.355098
1719179379.4122212
1719179379.4378664
1719179379.4816046
1719179379.4917767
1719179379.7479444
1719179379.783367
1719179379.788707
1719179379.9076588
1719179380.1935813
1719179380.1997712
1719179380.2014167
1719179380.2019458
1719179380.4346354
1719179380.5275595
1719179380.528772
1719179380.532762
1719179380.5338783
1719179380.9455822
1719179380.946305
1719179380.9554746
1719179380.9580393
1719179381.2727697
1719179381.274136
1719179381.2802157
1719179381.2806768
1719179381.581649
1719179381.5905933
1719179381.6764905
1719179381.6807761
1719179381.9699063
1719179381.9762695
1719179381.9781492
1719179381.9788656
1719179382.1214223
1719179382.2440507
1719179382.25149
1719179382.2522426
1719179382.4086218
1719179382.415183
1719179382.4162173
1719179382.4170337
1719179382.7490907
1719179382.750837
1719179382.7516909
1719179382.8506472
1719179383.1483223
1719179383.1539943
1719179383.1580558
1719179383.2555685
1719179383.512362
1719179383.5133574
1719179383.5178306
1719179383.5186608
1719179383.8389494
1719179383.839771
1719179383.8439224
1719179383.84457
1719179385.8195257
1719179388.1996703
1719179388.2002032
1719179388.204702
1719179388.2069337
1719179388.519686
1719179388.629941
1719179388.6312885
1719179388.6331744
1719179388.9494348
1719179388.949649
1719179388.9498103
1719179388.9515674
1719179389.255489
1719179389.2555647
1719179389.2627056
1719179389.3776813
1719179390.658464
1719179390.6602478
1719179390.6652188
1719179390.6660893
1719179390.9849827
1719179391.0141008
1719179391.0167274
1719179391.0208597
1719179391.119711
1719179391.3999681
1719179391.4039726
1719179391.4061637
1719179391.5182028
1719179391.7647269
1719179391.7690797
1719179391.7701013
1719179391.8783321
1719179392.1103237
1719179392.1111207
1719179392.1154118
1719179392.1154625
1719179394.7368178
1719179396.230716
1719179396.23077
1719179396.2310784
1719179396.3276625
1719179396.4662337
1719179396.6268668
1719179396.6276865
1719179396.6331704
1719179396.6340923
1719179396.981563
1719179396.982643
1719179396.9831645
1719179396.9880497
1719179397.201759
1719179397.2030609
1719179397.3045266
1719179397.3123398
1719179397.7030172
1719179397.7088046
1719179397.7093294
1719179397.711619
1719179397.9988766
1719179397.998931
1719179397.999344
1719179397.9996583
1719179398.2384093
1719179398.240799
1719179398.240901
1719179398.2439868
1719179369.1292994
1719179371.3108094
1719179374.4219654
1719179379.1030579
1719179379.1075132
1719179379.1089349
1719179379.1417787
1719179379.355098
1719179379.4122212
1719179379.4378664
1719179379.4816046
1719179379.4917767
1719179379.7479444
1719179379.783367
1719179379.788707
1719179379.9076588
1719179380.1935813
1719179380.1997712
1719179380.2014167
1719179380.2019458
1719179380.4346354
1719179380.5275595
1719179380.528772
1719179380.532762
1719179380.5338783
1719179380.9455822
1719179380.946305
1719179380.9554746
1719179380.9580393
1719179381.2727697
1719179381.274136
1719179381.2802157
1719179381.2806768
1719179381.581649
1719179381.5905933
1719179381.6764905
1719179381.6807761
1719179381.9699063
1719179381.9762695
1719179381.9781492
1719179381.9788656
1719179382.1214223
1719179382.2440507
1719179382.25149
1719179382.2522426
1719179382.4086218
1719179382.415183
1719179382.4162173
1719179382.4170337
1719179382.7490907
1719179382.750837
1719179382.7516909
1719179382.8506472
1719179383.1483223
1719179383.1539943
1719179383.1580558
1719179383.2555685
1719179383.512362
1719179383.5133574
1719179383.5178306
1719179383.5186608
1719179383.8389494
1719179383.839771
1719179383.8439224
1719179383.84457
1719179385.8195257
1719179388.1996703
1719179388.2002032
1719179388.204702
1719179388.2069337
1719179388.519686
1719179388.629941
1719179388.6312885
1719179388.6331744
1719179388.9494348
1719179388.949649
1719179388.9498103
1719179388.9515674
1719179389.255489
1719179389.2555647
1719179389.2627056
1719179389.3776813
1719179390.658464
1719179390.6602478
1719179390.6652188
1719179390.6660893
1719179390.9849827
1719179391.0141008
1719179391.0167274
1719179391.0208597
1719179391.119711
1719179391.3999681
1719179391.4039726
1719179391.4061637
1719179391.5182028
1719179391.7647269
1719179391.7690797
1719179391.7701013
1719179391.8783321
1719179392.1103237
1719179392.1111207
1719179392.1154118
1719179392.1154625
1719179394.7368178
1719179396.230716
1719179396.23077
1719179396.2310784
1719179396.3276625
1719179396.4662337
1719179396.6268668
1719179396.6276865
1719179396.6331704
1719179396.6340923
1719179396.981563
1719179396.982643
1719179396.9831645
1719179396.9880497
1719179397.201759
1719179397.2030609
1719179397.3045266
1719179397.3123398
1719179397.7030172
1719179397.7088046
1719179397.7093294
1719179397.711619
1719179397.9988766
1719179397.998931
1719179397.999344
1719179397.9996583
1719179398.2384093
1719179398.240799
1719179398.240901
1719179398.2439868
1719179404.4319906
1719179404.501972
1719179369.1292994
1719179371.3108094
1719179374.4219654
1719179379.1030579
1719179379.1075132
1719179379.1089349
1719179379.1417787
1719179379.355098
1719179379.4122212
1719179379.4378664
1719179379.4816046
1719179379.4917767
1719179379.7479444
1719179379.783367
1719179379.788707
1719179379.9076588
1719179380.1935813
1719179380.1997712
1719179380.2014167
1719179380.2019458
1719179380.4346354
1719179380.5275595
1719179380.528772
1719179380.532762
1719179380.5338783
1719179380.9455822
1719179380.946305
1719179380.9554746
1719179380.9580393
1719179381.2727697
1719179381.274136
1719179381.2802157
1719179381.2806768
1719179381.581649
1719179381.5905933
1719179381.6764905
1719179381.6807761
1719179381.9699063
1719179381.9762695
1719179381.9781492
1719179381.9788656
1719179382.1214223
1719179382.2440507
1719179382.25149
1719179382.2522426
1719179382.4086218
1719179382.415183
1719179382.4162173
1719179382.4170337
1719179382.7490907
1719179382.750837
1719179382.7516909
1719179382.8506472
1719179383.1483223
1719179383.1539943
1719179383.1580558
1719179383.2555685
1719179383.512362
1719179383.5133574
1719179383.5178306
1719179383.5186608
1719179383.8389494
1719179383.839771
1719179383.8439224
1719179383.84457
1719179385.8195257
1719179388.1996703
1719179388.2002032
1719179388.204702
1719179388.2069337
1719179388.519686
1719179388.629941
1719179388.6312885
1719179388.6331744
1719179388.9494348
1719179388.949649
1719179388.9498103
1719179388.9515674
1719179389.255489
1719179389.2555647
1719179389.2627056
1719179389.3776813
1719179390.658464
1719179390.6602478
1719179390.6652188
1719179390.6660893
1719179390.9849827
1719179391.0141008
1719179391.0167274
1719179391.0208597
1719179391.119711
1719179391.3999681
1719179391.4039726
1719179391.4061637
1719179391.5182028
1719179391.7647269
1719179391.7690797
1719179391.7701013
1719179391.8783321
1719179392.1103237
1719179392.1111207
1719179392.1154118
1719179392.1154625
1719179394.7368178
1719179396.230716
1719179396.23077
1719179396.2310784
1719179396.3276625
1719179396.4662337
1719179396.6268668
1719179396.6276865
1719179396.6331704
1719179396.6340923
1719179396.981563
1719179396.982643
1719179396.9831645
1719179396.9880497
1719179397.201759
1719179397.2030609
1719179397.3045266
1719179397.3123398
1719179397.7030172
1719179397.7088046
1719179397.7093294
1719179397.711619
1719179397.9988766
1719179397.998931
1719179397.999344
1719179397.9996583
1719179398.2384093
1719179398.240799
1719179398.240901
1719179398.2439868
1719179404.4319906
1719179404.501972
1719179404.7683735
1719179404.773367
1719179404.775437
1719179404.7754807
1719179404.7758346
1719179404.883947
1719179404.8844733
1719179404.8903635
1719179404.8904905
1719179404.8909953
1719179404.9906194
1719179404.9918063
1719179404.997244
1719179404.9977314
1719179404.997854
1719179404.9983566
1719179404.9989383
1719179405.0832272
1719179405.0832717
1719179405.0833478
1719179405.083744
1719179405.0838883
1719179405.0861268
1719179405.0885649
1719179405.0900748
1719179405.1001582
1719179405.1877403
1719179405.1878119
1719179405.1892774
1719179405.189327
1719179405.1898203
1719179405.1907363
1719179405.1910264
1719179405.1928327
1719179405.1947844
1719179405.1948462
1719179405.3557012
1719179405.3620565
1719179405.3640466
1719179405.3983254
1719179405.5562346
1719179405.6114862
1719179405.6116962
1719179405.6120553
1719179405.6137323
1719179405.94496
1719179405.9490252
1719179406.0870364
1719179406.1031373
1719179406.4480379
1719179406.4552252
1719179369.1292994
1719179371.3108094
1719179374.4219654
1719179379.1030579
1719179379.1075132
1719179379.1089349
1719179379.1417787
1719179379.355098
1719179379.4122212
1719179379.4378664
1719179379.4816046
1719179379.4917767
1719179379.7479444
1719179379.783367
1719179379.788707
1719179379.9076588
1719179380.1935813
1719179380.1997712
1719179380.2014167
1719179380.2019458
1719179380.4346354
1719179380.5275595
1719179380.528772
1719179380.532762
1719179380.5338783
1719179380.9455822
1719179380.946305
1719179380.9554746
1719179380.9580393
1719179381.2727697
1719179381.274136
1719179381.2802157
1719179381.2806768
1719179381.581649
1719179381.5905933
1719179381.6764905
1719179381.6807761
1719179381.9699063
1719179381.9762695
1719179381.9781492
1719179381.9788656
1719179382.1214223
1719179382.2440507
1719179382.25149
1719179382.2522426
1719179382.4086218
1719179382.415183
1719179382.4162173
1719179382.4170337
1719179382.7490907
1719179382.750837
1719179382.7516909
1719179382.8506472
1719179383.1483223
1719179383.1539943
1719179383.1580558
1719179383.2555685
1719179383.512362
1719179383.5133574
1719179383.5178306
1719179383.5186608
1719179383.8389494
1719179383.839771
1719179383.8439224
1719179383.84457
1719179385.8195257
1719179388.1996703
1719179388.2002032
1719179388.204702
1719179388.2069337
1719179388.519686
1719179388.629941
1719179388.6312885
1719179388.6331744
1719179388.9494348
1719179388.949649
1719179388.9498103
1719179388.9515674
1719179389.255489
1719179389.2555647
1719179389.2627056
1719179389.3776813
1719179390.658464
1719179390.6602478
1719179390.6652188
1719179390.6660893
1719179390.9849827
1719179391.0141008
1719179391.0167274
1719179391.0208597
1719179391.119711
1719179391.3999681
1719179391.4039726
1719179391.4061637
1719179391.5182028
1719179391.7647269
1719179391.7690797
1719179391.7701013
1719179391.8783321
1719179392.1103237
1719179392.1111207
1719179392.1154118
1719179392.1154625
1719179394.7368178
1719179396.230716
1719179396.23077
1719179396.2310784
1719179396.3276625
1719179396.4662337
1719179396.6268668
1719179396.6276865
1719179396.6331704
1719179396.6340923
1719179396.981563
1719179396.982643
1719179396.9831645
1719179396.9880497
1719179397.201759
1719179397.2030609
1719179397.3045266
1719179397.3123398
1719179397.7030172
1719179397.7088046
1719179397.7093294
1719179397.711619
1719179397.9988766
1719179397.998931
1719179397.999344
1719179397.9996583
1719179398.2384093
1719179398.240799
1719179398.240901
1719179398.2439868
1719179404.4319906
1719179404.501972
1719179404.7683735
1719179404.773367
1719179404.775437
1719179404.7754807
1719179404.7758346
1719179404.883947
1719179404.8844733
1719179404.8903635
1719179404.8904905
1719179404.8909953
1719179404.9906194
1719179404.9918063
1719179404.997244
1719179404.9977314
1719179404.997854
1719179404.9983566
1719179404.9989383
1719179405.0832272
1719179405.0832717
1719179405.0833478
1719179405.083744
1719179405.0838883
1719179405.0861268
1719179405.0885649
1719179405.0900748
1719179405.1001582
1719179405.1877403
1719179405.1878119
1719179405.1892774
1719179405.189327
1719179405.1898203
1719179405.1907363
1719179405.1910264
1719179405.1928327
1719179405.1947844
1719179405.1948462
1719179405.3557012
1719179405.3620565
1719179405.3640466
1719179405.3983254
1719179405.5562346
1719179405.6114862
1719179405.6116962
1719179405.6120553
1719179405.6137323
1719179405.94496
1719179405.9490252
1719179406.0870364
1719179406.1031373
1719179406.4480379
1719179406.4552252
1719179406.5641224
1719179406.5641532
1719179406.5643432
1719179406.7403545
1719179406.74074
1719179406.8945587
1719179406.9016182
1719179407.026597
1719179407.030697
1719179407.030999
1719179369.1292994
1719179371.3108094
1719179374.4219654
1719179379.1030579
1719179379.1075132
1719179379.1089349
1719179379.1417787
1719179379.355098
1719179379.4122212
1719179379.4378664
1719179379.4816046
1719179379.4917767
1719179379.7479444
1719179379.783367
1719179379.788707
1719179379.9076588
1719179380.1935813
1719179380.1997712
1719179380.2014167
1719179380.2019458
1719179380.4346354
1719179380.5275595
1719179380.528772
1719179380.532762
1719179380.5338783
1719179380.9455822
1719179380.946305
1719179380.9554746
1719179380.9580393
1719179381.2727697
1719179381.274136
1719179381.2802157
1719179381.2806768
1719179381.581649
1719179381.5905933
1719179381.6764905
1719179381.6807761
1719179381.9699063
1719179381.9762695
1719179381.9781492
1719179381.9788656
1719179382.1214223
1719179382.2440507
1719179382.25149
1719179382.2522426
1719179382.4086218
1719179382.415183
1719179382.4162173
1719179382.4170337
1719179382.7490907
1719179382.750837
1719179382.7516909
1719179382.8506472
1719179383.1483223
1719179383.1539943
1719179383.1580558
1719179383.2555685
1719179383.512362
1719179383.5133574
1719179383.5178306
1719179383.5186608
1719179383.8389494
1719179383.839771
1719179383.8439224
1719179383.84457
1719179385.8195257
1719179388.1996703
1719179388.2002032
1719179388.204702
1719179388.2069337
1719179388.519686
1719179388.629941
1719179388.6312885
1719179388.6331744
1719179388.9494348
1719179388.949649
1719179388.9498103
1719179388.9515674
1719179389.255489
1719179389.2555647
1719179389.2627056
1719179389.3776813
1719179390.658464
1719179390.6602478
1719179390.6652188
1719179390.6660893
1719179390.9849827
1719179391.0141008
1719179391.0167274
1719179391.0208597
1719179391.119711
1719179391.3999681
1719179391.4039726
1719179391.4061637
1719179391.5182028
1719179391.7647269
1719179391.7690797
1719179391.7701013
1719179391.8783321
1719179392.1103237
1719179392.1111207
1719179392.1154118
1719179392.1154625
1719179394.7368178
1719179396.230716
1719179396.23077
1719179396.2310784
1719179396.3276625
1719179396.4662337
1719179396.6268668
1719179396.6276865
1719179396.6331704
1719179396.6340923
1719179396.981563
1719179396.982643
1719179396.9831645
1719179396.9880497
1719179397.201759
1719179397.2030609
1719179397.3045266
1719179397.3123398
1719179397.7030172
1719179397.7088046
1719179397.7093294
1719179397.711619
1719179397.9988766
1719179397.998931
1719179397.999344
1719179397.9996583
1719179398.2384093
1719179398.240799
1719179398.240901
1719179398.2439868
1719179404.4319906
1719179404.501972
1719179404.7683735
1719179404.773367
1719179404.775437
1719179404.7754807
1719179404.7758346
1719179404.883947
1719179404.8844733
1719179404.8903635
1719179404.8904905
1719179404.8909953
1719179404.9906194
1719179404.9918063
1719179404.997244
1719179404.9977314
1719179404.997854
1719179404.9983566
1719179404.9989383
1719179405.0832272
1719179405.0832717
1719179405.0833478
1719179405.083744
1719179405.0838883
1719179405.0861268
1719179405.0885649
1719179405.0900748
1719179405.1001582
1719179405.1877403
1719179405.1878119
1719179405.1892774
1719179405.189327
1719179405.1898203
1719179405.1907363
1719179405.1910264
1719179405.1928327
1719179405.1947844
1719179405.1948462
1719179405.3557012
1719179405.3620565
1719179405.3640466
1719179405.3983254
1719179405.5562346
1719179405.6114862
1719179405.6116962
1719179405.6120553
1719179405.6137323
1719179405.94496
1719179405.9490252
1719179406.0870364
1719179406.1031373
1719179406.4480379
1719179406.4552252
1719179406.5641224
1719179406.5641532
1719179406.5643432
1719179406.7403545
1719179406.74074
1719179406.8945587
1719179406.9016182
1719179407.026597
1719179407.030697
1719179407.030999
1719179409.654875
1719179409.9515173
1719179369.1292994
1719179371.3108094
1719179374.4219654
1719179379.1030579
1719179379.1075132
1719179379.1089349
1719179379.1417787
1719179379.355098
1719179379.4122212
1719179379.4378664
1719179379.4816046
1719179379.4917767
1719179379.7479444
1719179379.783367
1719179379.788707
1719179379.9076588
1719179380.1935813
1719179380.1997712
1719179380.2014167
1719179380.2019458
1719179380.4346354
1719179380.5275595
1719179380.528772
1719179380.532762
1719179380.5338783
1719179380.9455822
1719179380.946305
1719179380.9554746
1719179380.9580393
1719179381.2727697
1719179381.274136
1719179381.2802157
1719179381.2806768
1719179381.581649
1719179381.5905933
1719179381.6764905
1719179381.6807761
1719179381.9699063
1719179381.9762695
1719179381.9781492
1719179381.9788656
1719179382.1214223
1719179382.2440507
1719179382.25149
1719179382.2522426
1719179382.4086218
1719179382.415183
1719179382.4162173
1719179382.4170337
1719179382.7490907
1719179382.750837
1719179382.7516909
1719179382.8506472
1719179383.1483223
1719179383.1539943
1719179383.1580558
1719179383.2555685
1719179383.512362
1719179383.5133574
1719179383.5178306
1719179383.5186608
1719179383.8389494
1719179383.839771
1719179383.8439224
1719179383.84457
1719179385.8195257
1719179388.1996703
1719179388.2002032
1719179388.204702
1719179388.2069337
1719179388.519686
1719179388.629941
1719179388.6312885
1719179388.6331744
1719179388.9494348
1719179388.949649
1719179388.9498103
1719179388.9515674
1719179389.255489
1719179389.2555647
1719179389.2627056
1719179389.3776813
1719179390.658464
1719179390.6602478
1719179390.6652188
1719179390.6660893
1719179390.9849827
1719179391.0141008
1719179391.0167274
1719179391.0208597
1719179391.119711
1719179391.3999681
1719179391.4039726
1719179391.4061637
1719179391.5182028
1719179391.7647269
1719179391.7690797
1719179391.7701013
1719179391.8783321
1719179392.1103237
1719179392.1111207
1719179392.1154118
1719179392.1154625
1719179394.7368178
1719179396.230716
1719179396.23077
1719179396.2310784
1719179396.3276625
1719179396.4662337
1719179396.6268668
1719179396.6276865
1719179396.6331704
1719179396.6340923
1719179396.981563
1719179396.982643
1719179396.9831645
1719179396.9880497
1719179397.201759
1719179397.2030609
1719179397.3045266
1719179397.3123398
1719179397.7030172
1719179397.7088046
1719179397.7093294
1719179397.711619
1719179397.9988766
1719179397.998931
1719179397.999344
1719179397.9996583
1719179398.2384093
1719179398.240799
1719179398.240901
1719179398.2439868
1719179404.4319906
1719179404.501972
1719179404.7683735
1719179404.773367
1719179404.775437
1719179404.7754807
1719179404.7758346
1719179404.883947
1719179404.8844733
1719179404.8903635
1719179404.8904905
1719179404.8909953
1719179404.9906194
1719179404.9918063
1719179404.997244
1719179404.9977314
1719179404.997854
1719179404.9983566
1719179404.9989383
1719179405.0832272
1719179405.0832717
1719179405.0833478
1719179405.083744
1719179405.0838883
1719179405.0861268
1719179405.0885649
1719179405.0900748
1719179405.1001582
1719179405.1877403
1719179405.1878119
1719179405.1892774
1719179405.189327
1719179405.1898203
1719179405.1907363
1719179405.1910264
1719179405.1928327
1719179405.1947844
1719179405.1948462
1719179405.3557012
1719179405.3620565
1719179405.3640466
1719179405.3983254
1719179405.5562346
1719179405.6114862
1719179405.6116962
1719179405.6120553
1719179405.6137323
1719179405.94496
1719179405.9490252
1719179406.0870364
1719179406.1031373
1719179406.4480379
1719179406.4552252
1719179406.5641224
1719179406.5641532
1719179406.5643432
1719179406.7403545
1719179406.74074
1719179406.8945587
1719179406.9016182
1719179407.026597
1719179407.030697
1719179407.030999
1719179409.654875
1719179409.9515173
1719179411.2521644
1719179411.2568326
1719179411.2574508
1719179411.3670678
1719179411.680728
1719179411.68708
1719179411.6881394
1719179411.6971447
1719179411.9933891
1719179411.9938493
1719179411.9948704
1719179412.120619
1719179412.380073
1719179412.3803434
1719179412.380582
1719179412.387634
1719179412.6096683
1719179412.609964
1719179412.6180801
1719179412.6222813
1719179369.1292994
1719179371.3108094
1719179374.4219654
1719179379.1030579
1719179379.1075132
1719179379.1089349
1719179379.1417787
1719179379.355098
1719179379.4122212
1719179379.4378664
1719179379.4816046
1719179379.4917767
1719179379.7479444
1719179379.783367
1719179379.788707
1719179379.9076588
1719179380.1935813
1719179380.1997712
1719179380.2014167
1719179380.2019458
1719179380.4346354
1719179380.5275595
1719179380.528772
1719179380.532762
1719179380.5338783
1719179380.9455822
1719179380.946305
1719179380.9554746
1719179380.9580393
1719179381.2727697
1719179381.274136
1719179381.2802157
1719179381.2806768
1719179381.581649
1719179381.5905933
1719179381.6764905
1719179381.6807761
1719179381.9699063
1719179381.9762695
1719179381.9781492
1719179381.9788656
1719179382.1214223
1719179382.2440507
1719179382.25149
1719179382.2522426
1719179382.4086218
1719179382.415183
1719179382.4162173
1719179382.4170337
1719179382.7490907
1719179382.750837
1719179382.7516909
1719179382.8506472
1719179383.1483223
1719179383.1539943
1719179383.1580558
1719179383.2555685
1719179383.512362
1719179383.5133574
1719179383.5178306
1719179383.5186608
1719179383.8389494
1719179383.839771
1719179383.8439224
1719179383.84457
1719179385.8195257
1719179388.1996703
1719179388.2002032
1719179388.204702
1719179388.2069337
1719179388.519686
1719179388.629941
1719179388.6312885
1719179388.6331744
1719179388.9494348
1719179388.949649
1719179388.9498103
1719179388.9515674
1719179389.255489
1719179389.2555647
1719179389.2627056
1719179389.3776813
1719179390.658464
1719179390.6602478
1719179390.6652188
1719179390.6660893
1719179390.9849827
1719179391.0141008
1719179391.0167274
1719179391.0208597
1719179391.119711
1719179391.3999681
1719179391.4039726
1719179391.4061637
1719179391.5182028
1719179391.7647269
1719179391.7690797
1719179391.7701013
1719179391.8783321
1719179392.1103237
1719179392.1111207
1719179392.1154118
1719179392.1154625
1719179394.7368178
1719179396.230716
1719179396.23077
1719179396.2310784
1719179396.3276625
1719179396.4662337
1719179396.6268668
1719179396.6276865
1719179396.6331704
1719179396.6340923
1719179396.981563
1719179396.982643
1719179396.9831645
1719179396.9880497
1719179397.201759
1719179397.2030609
1719179397.3045266
1719179397.3123398
1719179397.7030172
1719179397.7088046
1719179397.7093294
1719179397.711619
1719179397.9988766
1719179397.998931
1719179397.999344
1719179397.9996583
1719179398.2384093
1719179398.240799
1719179398.240901
1719179398.2439868
1719179404.4319906
1719179404.501972
1719179404.7683735
1719179404.773367
1719179404.775437
1719179404.7754807
1719179404.7758346
1719179404.883947
1719179404.8844733
1719179404.8903635
1719179404.8904905
1719179404.8909953
1719179404.9906194
1719179404.9918063
1719179404.997244
1719179404.9977314
1719179404.997854
1719179404.9983566
1719179404.9989383
1719179405.0832272
1719179405.0832717
1719179405.0833478
1719179405.083744
1719179405.0838883
1719179405.0861268
1719179405.0885649
1719179405.0900748
1719179405.1001582
1719179405.1877403
1719179405.1878119
1719179405.1892774
1719179405.189327
1719179405.1898203
1719179405.1907363
1719179405.1910264
1719179405.1928327
1719179405.1947844
1719179405.1948462
1719179405.3557012
1719179405.3620565
1719179405.3640466
1719179405.3983254
1719179405.5562346
1719179405.6114862
1719179405.6116962
1719179405.6120553
1719179405.6137323
1719179405.94496
1719179405.9490252
1719179406.0870364
1719179406.1031373
1719179406.4480379
1719179406.4552252
1719179406.5641224
1719179406.5641532
1719179406.5643432
1719179406.7403545
1719179406.74074
1719179406.8945587
1719179406.9016182
1719179407.026597
1719179407.030697
1719179407.030999
1719179409.654875
1719179409.9515173
1719179411.2521644
1719179411.2568326
1719179411.2574508
1719179411.3670678
1719179411.680728
1719179411.68708
1719179411.6881394
1719179411.6971447
1719179411.9933891
1719179411.9938493
1719179411.9948704
1719179412.120619
1719179412.380073
1719179412.3803434
1719179412.380582
1719179412.387634
1719179412.6096683
1719179412.609964
1719179412.6180801
1719179412.6222813
1719179412.8467739
1719179412.8475182
1719179412.8475988
1719179412.8514438
1719179414.7943645
1719179369.1292994
1719179371.3108094
1719179374.4219654
1719179379.1030579
1719179379.1075132
1719179379.1089349
1719179379.1417787
1719179379.355098
1719179379.4122212
1719179379.4378664
1719179379.4816046
1719179379.4917767
1719179379.7479444
1719179379.783367
1719179379.788707
1719179379.9076588
1719179380.1935813
1719179380.1997712
1719179380.2014167
1719179380.2019458
1719179380.4346354
1719179380.5275595
1719179380.528772
1719179380.532762
1719179380.5338783
1719179380.9455822
1719179380.946305
1719179380.9554746
1719179380.9580393
1719179381.2727697
1719179381.274136
1719179381.2802157
1719179381.2806768
1719179381.581649
1719179381.5905933
1719179381.6764905
1719179381.6807761
1719179381.9699063
1719179381.9762695
1719179381.9781492
1719179381.9788656
1719179382.1214223
1719179382.2440507
1719179382.25149
1719179382.2522426
1719179382.4086218
1719179382.415183
1719179382.4162173
1719179382.4170337
1719179382.7490907
1719179382.750837
1719179382.7516909
1719179382.8506472
1719179383.1483223
1719179383.1539943
1719179383.1580558
1719179383.2555685
1719179383.512362
1719179383.5133574
1719179383.5178306
1719179383.5186608
1719179383.8389494
1719179383.839771
1719179383.8439224
1719179383.84457
1719179385.8195257
1719179388.1996703
1719179388.2002032
1719179388.204702
1719179388.2069337
1719179388.519686
1719179388.629941
1719179388.6312885
1719179388.6331744
1719179388.9494348
1719179388.949649
1719179388.9498103
1719179388.9515674
1719179389.255489
1719179389.2555647
1719179389.2627056
1719179389.3776813
1719179390.658464
1719179390.6602478
1719179390.6652188
1719179390.6660893
1719179390.9849827
1719179391.0141008
1719179391.0167274
1719179391.0208597
1719179391.119711
1719179391.3999681
1719179391.4039726
1719179391.4061637
1719179391.5182028
1719179391.7647269
1719179391.7690797
1719179391.7701013
1719179391.8783321
1719179392.1103237
1719179392.1111207
1719179392.1154118
1719179392.1154625
1719179394.7368178
1719179396.230716
1719179396.23077
1719179396.2310784
1719179396.3276625
1719179396.4662337
1719179396.6268668
1719179396.6276865
1719179396.6331704
1719179396.6340923
1719179396.981563
1719179396.982643
1719179396.9831645
1719179396.9880497
1719179397.201759
1719179397.2030609
1719179397.3045266
1719179397.3123398
1719179397.7030172
1719179397.7088046
1719179397.7093294
1719179397.711619
1719179397.9988766
1719179397.998931
1719179397.999344
1719179397.9996583
1719179398.2384093
1719179398.240799
1719179398.240901
1719179398.2439868
1719179404.4319906
1719179404.501972
1719179404.7683735
1719179404.773367
1719179404.775437
1719179404.7754807
1719179404.7758346
1719179404.883947
1719179404.8844733
1719179404.8903635
1719179404.8904905
1719179404.8909953
1719179404.9906194
1719179404.9918063
1719179404.997244
1719179404.9977314
1719179404.997854
1719179404.9983566
1719179404.9989383
1719179405.0832272
1719179405.0832717
1719179405.0833478
1719179405.083744
1719179405.0838883
1719179405.0861268
1719179405.0885649
1719179405.0900748
1719179405.1001582
1719179405.1877403
1719179405.1878119
1719179405.1892774
1719179405.189327
1719179405.1898203
1719179405.1907363
1719179405.1910264
1719179405.1928327
1719179405.1947844
1719179405.1948462
1719179405.3557012
1719179405.3620565
1719179405.3640466
1719179405.3983254
1719179405.5562346
1719179405.6114862
1719179405.6116962
1719179405.6120553
1719179405.6137323
1719179405.94496
1719179405.9490252
1719179406.0870364
1719179406.1031373
1719179406.4480379
1719179406.4552252
1719179406.5641224
1719179406.5641532
1719179406.5643432
1719179406.7403545
1719179406.74074
1719179406.8945587
1719179406.9016182
1719179407.026597
1719179407.030697
1719179407.030999
1719179409.654875
1719179409.9515173
1719179411.2521644
1719179411.2568326
1719179411.2574508
1719179411.3670678
1719179411.680728
1719179411.68708
1719179411.6881394
1719179411.6971447
1719179411.9933891
1719179411.9938493
1719179411.9948704
1719179412.120619
1719179412.380073
1719179412.3803434
1719179412.380582
1719179412.387634
1719179412.6096683
1719179412.609964
1719179412.6180801
1719179412.6222813
1719179412.8467739
1719179412.8475182
1719179412.8475988
1719179412.8514438
1719179414.7943645
1719179369.1292994
1719179371.3108094
1719179374.4219654
1719179379.1030579
1719179379.1075132
1719179379.1089349
1719179379.1417787
1719179379.355098
1719179379.4122212
1719179379.4378664
1719179379.4816046
1719179379.4917767
1719179379.7479444
1719179379.783367
1719179379.788707
1719179379.9076588
1719179380.1935813
1719179380.1997712
1719179380.2014167
1719179380.2019458
1719179380.4346354
1719179380.5275595
1719179380.528772
1719179380.532762
1719179380.5338783
1719179380.9455822
1719179380.946305
1719179380.9554746
1719179380.9580393
1719179381.2727697
1719179381.274136
1719179381.2802157
1719179381.2806768
1719179381.581649
1719179381.5905933
1719179381.6764905
1719179381.6807761
1719179381.9699063
1719179381.9762695
1719179381.9781492
1719179381.9788656
1719179382.1214223
1719179382.2440507
1719179382.25149
1719179382.2522426
1719179382.4086218
1719179382.415183
1719179382.4162173
1719179382.4170337
1719179382.7490907
1719179382.750837
1719179382.7516909
1719179382.8506472
1719179383.1483223
1719179383.1539943
1719179383.1580558
1719179383.2555685
1719179383.512362
1719179383.5133574
1719179383.5178306
1719179383.5186608
1719179383.8389494
1719179383.839771
1719179383.8439224
1719179383.84457
1719179385.8195257
1719179388.1996703
1719179388.2002032
1719179388.204702
1719179388.2069337
1719179388.519686
1719179388.629941
1719179388.6312885
1719179388.6331744
1719179388.9494348
1719179388.949649
1719179388.9498103
1719179388.9515674
1719179389.255489
1719179389.2555647
1719179389.2627056
1719179389.3776813
1719179390.658464
1719179390.6602478
1719179390.6652188
1719179390.6660893
1719179390.9849827
1719179391.0141008
1719179391.0167274
1719179391.0208597
1719179391.119711
1719179391.3999681
1719179391.4039726
1719179391.4061637
1719179391.5182028
1719179391.7647269
1719179391.7690797
1719179391.7701013
1719179391.8783321
1719179392.1103237
1719179392.1111207
1719179392.1154118
1719179392.1154625
1719179394.7368178
1719179396.230716
1719179396.23077
1719179396.2310784
1719179396.3276625
1719179396.4662337
1719179396.6268668
1719179396.6276865
1719179396.6331704
1719179396.6340923
1719179396.981563
1719179396.982643
1719179396.9831645
1719179396.9880497
1719179397.201759
1719179397.2030609
1719179397.3045266
1719179397.3123398
1719179397.7030172
1719179397.7088046
1719179397.7093294
1719179397.711619
1719179397.9988766
1719179397.998931
1719179397.999344
1719179397.9996583
1719179398.2384093
1719179398.240799
1719179398.240901
1719179398.2439868
1719179404.4319906
1719179404.501972
1719179404.7683735
1719179404.773367
1719179404.775437
1719179404.7754807
1719179404.7758346
1719179404.883947
1719179404.8844733
1719179404.8903635
1719179404.8904905
1719179404.8909953
1719179404.9906194
1719179404.9918063
1719179404.997244
1719179404.9977314
1719179404.997854
1719179404.9983566
1719179404.9989383
1719179405.0832272
1719179405.0832717
1719179405.0833478
1719179405.083744
1719179405.0838883
1719179405.0861268
1719179405.0885649
1719179405.0900748
1719179405.1001582
1719179405.1877403
1719179405.1878119
1719179405.1892774
1719179405.189327
1719179405.1898203
1719179405.1907363
1719179405.1910264
1719179405.1928327
1719179405.1947844
1719179405.1948462
1719179405.3557012
1719179405.3620565
1719179405.3640466
1719179405.3983254
1719179405.5562346
1719179405.6114862
1719179405.6116962
1719179405.6120553
1719179405.6137323
1719179405.94496
1719179405.9490252
1719179406.0870364
1719179406.1031373
1719179406.4480379
1719179406.4552252
1719179406.5641224
1719179406.5641532
1719179406.5643432
1719179406.7403545
1719179406.74074
1719179406.8945587
1719179406.9016182
1719179407.026597
1719179407.030697
1719179407.030999
1719179409.654875
1719179409.9515173
1719179411.2521644
1719179411.2568326
1719179411.2574508
1719179411.3670678
1719179411.680728
1719179411.68708
1719179411.6881394
1719179411.6971447
1719179411.9933891
1719179411.9938493
1719179411.9948704
1719179412.120619
1719179412.380073
1719179412.3803434
1719179412.380582
1719179412.387634
1719179412.6096683
1719179412.609964
1719179412.6180801
1719179412.6222813
1719179412.8467739
1719179412.8475182
1719179412.8475988
1719179412.8514438
1719179414.7943645
1719179417.1599755
1719179417.1608207
1719179417.1615765
1719179417.1706276
1719179417.3600066
1719179417.4224818
1719179417.4227912
1719179417.5463376
1719179417.5488236
1719179417.8175037
1719179417.8248725
1719179417.9345553
1719179417.935135
1719179369.1292994
1719179371.3108094
1719179374.4219654
1719179379.1030579
1719179379.1075132
1719179379.1089349
1719179379.1417787
1719179379.355098
1719179379.4122212
1719179379.4378664
1719179379.4816046
1719179379.4917767
1719179379.7479444
1719179379.783367
1719179379.788707
1719179379.9076588
1719179380.1935813
1719179380.1997712
1719179380.2014167
1719179380.2019458
1719179380.4346354
1719179380.5275595
1719179380.528772
1719179380.532762
1719179380.5338783
1719179380.9455822
1719179380.946305
1719179380.9554746
1719179380.9580393
1719179381.2727697
1719179381.274136
1719179381.2802157
1719179381.2806768
1719179381.581649
1719179381.5905933
1719179381.6764905
1719179381.6807761
1719179381.9699063
1719179381.9762695
1719179381.9781492
1719179381.9788656
1719179382.1214223
1719179382.2440507
1719179382.25149
1719179382.2522426
1719179382.4086218
1719179382.415183
1719179382.4162173
1719179382.4170337
1719179382.7490907
1719179382.750837
1719179382.7516909
1719179382.8506472
1719179383.1483223
1719179383.1539943
1719179383.1580558
1719179383.2555685
1719179383.512362
1719179383.5133574
1719179383.5178306
1719179383.5186608
1719179383.8389494
1719179383.839771
1719179383.8439224
1719179383.84457
1719179385.8195257
1719179388.1996703
1719179388.2002032
1719179388.204702
1719179388.2069337
1719179388.519686
1719179388.629941
1719179388.6312885
1719179388.6331744
1719179388.9494348
1719179388.949649
1719179388.9498103
1719179388.9515674
1719179389.255489
1719179389.2555647
1719179389.2627056
1719179389.3776813
1719179390.658464
1719179390.6602478
1719179390.6652188
1719179390.6660893
1719179390.9849827
1719179391.0141008
1719179391.0167274
1719179391.0208597
1719179391.119711
1719179391.3999681
1719179391.4039726
1719179391.4061637
1719179391.5182028
1719179391.7647269
1719179391.7690797
1719179391.7701013
1719179391.8783321
1719179392.1103237
1719179392.1111207
1719179392.1154118
1719179392.1154625
1719179394.7368178
1719179396.230716
1719179396.23077
1719179396.2310784
1719179396.3276625
1719179396.4662337
1719179396.6268668
1719179396.6276865
1719179396.6331704
1719179396.6340923
1719179396.981563
1719179396.982643
1719179396.9831645
1719179396.9880497
1719179397.201759
1719179397.2030609
1719179397.3045266
1719179397.3123398
1719179397.7030172
1719179397.7088046
1719179397.7093294
1719179397.711619
1719179397.9988766
1719179397.998931
1719179397.999344
1719179397.9996583
1719179398.2384093
1719179398.240799
1719179398.240901
1719179398.2439868
1719179404.4319906
1719179404.501972
1719179404.7683735
1719179404.773367
1719179404.775437
1719179404.7754807
1719179404.7758346
1719179404.883947
1719179404.8844733
1719179404.8903635
1719179404.8904905
1719179404.8909953
1719179404.9906194
1719179404.9918063
1719179404.997244
1719179404.9977314
1719179404.997854
1719179404.9983566
1719179404.9989383
1719179405.0832272
1719179405.0832717
1719179405.0833478
1719179405.083744
1719179405.0838883
1719179405.0861268
1719179405.0885649
1719179405.0900748
1719179405.1001582
1719179405.1877403
1719179405.1878119
1719179405.1892774
1719179405.189327
1719179405.1898203
1719179405.1907363
1719179405.1910264
1719179405.1928327
1719179405.1947844
1719179405.1948462
1719179405.3557012
1719179405.3620565
1719179405.3640466
1719179405.3983254
1719179405.5562346
1719179405.6114862
1719179405.6116962
1719179405.6120553
1719179405.6137323
1719179405.94496
1719179405.9490252
1719179406.0870364
1719179406.1031373
1719179406.4480379
1719179406.4552252
1719179406.5641224
1719179406.5641532
1719179406.5643432
1719179406.7403545
1719179406.74074
1719179406.8945587
1719179406.9016182
1719179407.026597
1719179407.030697
1719179407.030999
1719179409.654875
1719179409.9515173
1719179411.2521644
1719179411.2568326
1719179411.2574508
1719179411.3670678
1719179411.680728
1719179411.68708
1719179411.6881394
1719179411.6971447
1719179411.9933891
1719179411.9938493
1719179411.9948704
1719179412.120619
1719179412.380073
1719179412.3803434
1719179412.380582
1719179412.387634
1719179412.6096683
1719179412.609964
1719179412.6180801
1719179412.6222813
1719179412.8467739
1719179412.8475182
1719179412.8475988
1719179412.8514438
1719179414.7943645
1719179417.1599755
1719179417.1608207
1719179417.1615765
1719179417.1706276
1719179417.3600066
1719179417.4224818
1719179417.4227912
1719179417.5463376
1719179417.5488236
1719179417.8175037
1719179417.8248725
1719179417.9345553
1719179417.935135
1719179419.9362144
1719179369.1292994
1719179371.3108094
1719179374.4219654
1719179379.1030579
1719179379.1075132
1719179379.1089349
1719179379.1417787
1719179379.355098
1719179379.4122212
1719179379.4378664
1719179379.4816046
1719179379.4917767
1719179379.7479444
1719179379.783367
1719179379.788707
1719179379.9076588
1719179380.1935813
1719179380.1997712
1719179380.2014167
1719179380.2019458
1719179380.4346354
1719179380.5275595
1719179380.528772
1719179380.532762
1719179380.5338783
1719179380.9455822
1719179380.946305
1719179380.9554746
1719179380.9580393
1719179381.2727697
1719179381.274136
1719179381.2802157
1719179381.2806768
1719179381.581649
1719179381.5905933
1719179381.6764905
1719179381.6807761
1719179381.9699063
1719179381.9762695
1719179381.9781492
1719179381.9788656
1719179382.1214223
1719179382.2440507
1719179382.25149
1719179382.2522426
1719179382.4086218
1719179382.415183
1719179382.4162173
1719179382.4170337
1719179382.7490907
1719179382.750837
1719179382.7516909
1719179382.8506472
1719179383.1483223
1719179383.1539943
1719179383.1580558
1719179383.2555685
1719179383.512362
1719179383.5133574
1719179383.5178306
1719179383.5186608
1719179383.8389494
1719179383.839771
1719179383.8439224
1719179383.84457
1719179385.8195257
1719179388.1996703
1719179388.2002032
1719179388.204702
1719179388.2069337
1719179388.519686
1719179388.629941
1719179388.6312885
1719179388.6331744
1719179388.9494348
1719179388.949649
1719179388.9498103
1719179388.9515674
1719179389.255489
1719179389.2555647
1719179389.2627056
1719179389.3776813
1719179390.658464
1719179390.6602478
1719179390.6652188
1719179390.6660893
1719179390.9849827
1719179391.0141008
1719179391.0167274
1719179391.0208597
1719179391.119711
1719179391.3999681
1719179391.4039726
1719179391.4061637
1719179391.5182028
1719179391.7647269
1719179391.7690797
1719179391.7701013
1719179391.8783321
1719179392.1103237
1719179392.1111207
1719179392.1154118
1719179392.1154625
1719179394.7368178
1719179396.230716
1719179396.23077
1719179396.2310784
1719179396.3276625
1719179396.4662337
1719179396.6268668
1719179396.6276865
1719179396.6331704
1719179396.6340923
1719179396.981563
1719179396.982643
1719179396.9831645
1719179396.9880497
1719179397.201759
1719179397.2030609
1719179397.3045266
1719179397.3123398
1719179397.7030172
1719179397.7088046
1719179397.7093294
1719179397.711619
1719179397.9988766
1719179397.998931
1719179397.999344
1719179397.9996583
1719179398.2384093
1719179398.240799
1719179398.240901
1719179398.2439868
1719179404.4319906
1719179404.501972
1719179404.7683735
1719179404.773367
1719179404.775437
1719179404.7754807
1719179404.7758346
1719179404.883947
1719179404.8844733
1719179404.8903635
1719179404.8904905
1719179404.8909953
1719179404.9906194
1719179404.9918063
1719179404.997244
1719179404.9977314
1719179404.997854
1719179404.9983566
1719179404.9989383
1719179405.0832272
1719179405.0832717
1719179405.0833478
1719179405.083744
1719179405.0838883
1719179405.0861268
1719179405.0885649
1719179405.0900748
1719179405.1001582
1719179405.1877403
1719179405.1878119
1719179405.1892774
1719179405.189327
1719179405.1898203
1719179405.1907363
1719179405.1910264
1719179405.1928327
1719179405.1947844
1719179405.1948462
1719179405.3557012
1719179405.3620565
1719179405.3640466
1719179405.3983254
1719179405.5562346
1719179405.6114862
1719179405.6116962
1719179405.6120553
1719179405.6137323
1719179405.94496
1719179405.9490252
1719179406.0870364
1719179406.1031373
1719179406.4480379
1719179406.4552252
1719179406.5641224
1719179406.5641532
1719179406.5643432
1719179406.7403545
1719179406.74074
1719179406.8945587
1719179406.9016182
1719179407.026597
1719179407.030697
1719179407.030999
1719179409.654875
1719179409.9515173
1719179411.2521644
1719179411.2568326
1719179411.2574508
1719179411.3670678
1719179411.680728
1719179411.68708
1719179411.6881394
1719179411.6971447
1719179411.9933891
1719179411.9938493
1719179411.9948704
1719179412.120619
1719179412.380073
1719179412.3803434
1719179412.380582
1719179412.387634
1719179412.6096683
1719179412.609964
1719179412.6180801
1719179412.6222813
1719179412.8467739
1719179412.8475182
1719179412.8475988
1719179412.8514438
1719179414.7943645
1719179417.1599755
1719179417.1608207
1719179417.1615765
1719179417.1706276
1719179417.3600066
1719179417.4224818
1719179417.4227912
1719179417.5463376
1719179417.5488236
1719179417.8175037
1719179417.8248725
1719179417.9345553
1719179417.935135
1719179419.9362144
1719179421.8340044
1719179421.8415425
1719179421.8435714
1719179421.930393
1719179422.1893632
1719179422.1895487
1719179422.1954837
1719179422.1957521
1719179422.5636387
1719179422.5640545
1719179422.564551
1719179422.5698755
1719179422.9031236
1719179422.9035685
1719179422.9086301
1719179422.9098692
1719179369.1292994
1719179371.3108094
1719179374.4219654
1719179379.1030579
1719179379.1075132
1719179379.1089349
1719179379.1417787
1719179379.355098
1719179379.4122212
1719179379.4378664
1719179379.4816046
1719179379.4917767
1719179379.7479444
1719179379.783367
1719179379.788707
1719179379.9076588
1719179380.1935813
1719179380.1997712
1719179380.2014167
1719179380.2019458
1719179380.4346354
1719179380.5275595
1719179380.528772
1719179380.532762
1719179380.5338783
1719179380.9455822
1719179380.946305
1719179380.9554746
1719179380.9580393
1719179381.2727697
1719179381.274136
1719179381.2802157
1719179381.2806768
1719179381.581649
1719179381.5905933
1719179381.6764905
1719179381.6807761
1719179381.9699063
1719179381.9762695
1719179381.9781492
1719179381.9788656
1719179382.1214223
1719179382.2440507
1719179382.25149
1719179382.2522426
1719179382.4086218
1719179382.415183
1719179382.4162173
1719179382.4170337
1719179382.7490907
1719179382.750837
1719179382.7516909
1719179382.8506472
1719179383.1483223
1719179383.1539943
1719179383.1580558
1719179383.2555685
1719179383.512362
1719179383.5133574
1719179383.5178306
1719179383.5186608
1719179383.8389494
1719179383.839771
1719179383.8439224
1719179383.84457
1719179385.8195257
1719179388.1996703
1719179388.2002032
1719179388.204702
1719179388.2069337
1719179388.519686
1719179388.629941
1719179388.6312885
1719179388.6331744
1719179388.9494348
1719179388.949649
1719179388.9498103
1719179388.9515674
1719179389.255489
1719179389.2555647
1719179389.2627056
1719179389.3776813
1719179390.658464
1719179390.6602478
1719179390.6652188
1719179390.6660893
1719179390.9849827
1719179391.0141008
1719179391.0167274
1719179391.0208597
1719179391.119711
1719179391.3999681
1719179391.4039726
1719179391.4061637
1719179391.5182028
1719179391.7647269
1719179391.7690797
1719179391.7701013
1719179391.8783321
1719179392.1103237
1719179392.1111207
1719179392.1154118
1719179392.1154625
1719179394.7368178
1719179396.230716
1719179396.23077
1719179396.2310784
1719179396.3276625
1719179396.4662337
1719179396.6268668
1719179396.6276865
1719179396.6331704
1719179396.6340923
1719179396.981563
1719179396.982643
1719179396.9831645
1719179396.9880497
1719179397.201759
1719179397.2030609
1719179397.3045266
1719179397.3123398
1719179397.7030172
1719179397.7088046
1719179397.7093294
1719179397.711619
1719179397.9988766
1719179397.998931
1719179397.999344
1719179397.9996583
1719179398.2384093
1719179398.240799
1719179398.240901
1719179398.2439868
1719179404.4319906
1719179404.501972
1719179404.7683735
1719179404.773367
1719179404.775437
1719179404.7754807
1719179404.7758346
1719179404.883947
1719179404.8844733
1719179404.8903635
1719179404.8904905
1719179404.8909953
1719179404.9906194
1719179404.9918063
1719179404.997244
1719179404.9977314
1719179404.997854
1719179404.9983566
1719179404.9989383
1719179405.0832272
1719179405.0832717
1719179405.0833478
1719179405.083744
1719179405.0838883
1719179405.0861268
1719179405.0885649
1719179405.0900748
1719179405.1001582
1719179405.1877403
1719179405.1878119
1719179405.1892774
1719179405.189327
1719179405.1898203
1719179405.1907363
1719179405.1910264
1719179405.1928327
1719179405.1947844
1719179405.1948462
1719179405.3557012
1719179405.3620565
1719179405.3640466
1719179405.3983254
1719179405.5562346
1719179405.6114862
1719179405.6116962
1719179405.6120553
1719179405.6137323
1719179405.94496
1719179405.9490252
1719179406.0870364
1719179406.1031373
1719179406.4480379
1719179406.4552252
1719179406.5641224
1719179406.5641532
1719179406.5643432
1719179406.7403545
1719179406.74074
1719179406.8945587
1719179406.9016182
1719179407.026597
1719179407.030697
1719179407.030999
1719179409.654875
1719179409.9515173
1719179411.2521644
1719179411.2568326
1719179411.2574508
1719179411.3670678
1719179411.680728
1719179411.68708
1719179411.6881394
1719179411.6971447
1719179411.9933891
1719179411.9938493
1719179411.9948704
1719179412.120619
1719179412.380073
1719179412.3803434
1719179412.380582
1719179412.387634
1719179412.6096683
1719179412.609964
1719179412.6180801
1719179412.6222813
1719179412.8467739
1719179412.8475182
1719179412.8475988
1719179412.8514438
1719179414.7943645
1719179417.1599755
1719179417.1608207
1719179417.1615765
1719179417.1706276
1719179417.3600066
1719179417.4224818
1719179417.4227912
1719179417.5463376
1719179417.5488236
1719179417.8175037
1719179417.8248725
1719179417.9345553
1719179417.935135
1719179419.9362144
1719179421.8340044
1719179421.8415425
1719179421.8435714
1719179421.930393
1719179422.1893632
1719179422.1895487
1719179422.1954837
1719179422.1957521
1719179422.5636387
1719179422.5640545
1719179422.564551
1719179422.5698755
1719179422.9031236
1719179422.9035685
1719179422.9086301
1719179422.9098692
1719179423.1982026
1719179423.2011006
1719179423.2042499
1719179423.206725
1719179423.5524652
1719179423.5584772
1719179423.5586004
1719179423.5618954
1719179423.9054213
1719179423.9119406
1719179423.912263
1719179423.9155884
1719179424.3338914
1719179424.3396206
1719179424.3407116
1719179424.3434079
1719179369.1292994
1719179371.3108094
1719179374.4219654
1719179379.1030579
1719179379.1075132
1719179379.1089349
1719179379.1417787
1719179379.355098
1719179379.4122212
1719179379.4378664
1719179379.4816046
1719179379.4917767
1719179379.7479444
1719179379.783367
1719179379.788707
1719179379.9076588
1719179380.1935813
1719179380.1997712
1719179380.2014167
1719179380.2019458
1719179380.4346354
1719179380.5275595
1719179380.528772
1719179380.532762
1719179380.5338783
1719179380.9455822
1719179380.946305
1719179380.9554746
1719179380.9580393
1719179381.2727697
1719179381.274136
1719179381.2802157
1719179381.2806768
1719179381.581649
1719179381.5905933
1719179381.6764905
1719179381.6807761
1719179381.9699063
1719179381.9762695
1719179381.9781492
1719179381.9788656
1719179382.1214223
1719179382.2440507
1719179382.25149
1719179382.2522426
1719179382.4086218
1719179382.415183
1719179382.4162173
1719179382.4170337
1719179382.7490907
1719179382.750837
1719179382.7516909
1719179382.8506472
1719179383.1483223
1719179383.1539943
1719179383.1580558
1719179383.2555685
1719179383.512362
1719179383.5133574
1719179383.5178306
1719179383.5186608
1719179383.8389494
1719179383.839771
1719179383.8439224
1719179383.84457
1719179385.8195257
1719179388.1996703
1719179388.2002032
1719179388.204702
1719179388.2069337
1719179388.519686
1719179388.629941
1719179388.6312885
1719179388.6331744
1719179388.9494348
1719179388.949649
1719179388.9498103
1719179388.9515674
1719179389.255489
1719179389.2555647
1719179389.2627056
1719179389.3776813
1719179390.658464
1719179390.6602478
1719179390.6652188
1719179390.6660893
1719179390.9849827
1719179391.0141008
1719179391.0167274
1719179391.0208597
1719179391.119711
1719179391.3999681
1719179391.4039726
1719179391.4061637
1719179391.5182028
1719179391.7647269
1719179391.7690797
1719179391.7701013
1719179391.8783321
1719179392.1103237
1719179392.1111207
1719179392.1154118
1719179392.1154625
1719179394.7368178
1719179396.230716
1719179396.23077
1719179396.2310784
1719179396.3276625
1719179396.4662337
1719179396.6268668
1719179396.6276865
1719179396.6331704
1719179396.6340923
1719179396.981563
1719179396.982643
1719179396.9831645
1719179396.9880497
1719179397.201759
1719179397.2030609
1719179397.3045266
1719179397.3123398
1719179397.7030172
1719179397.7088046
1719179397.7093294
1719179397.711619
1719179397.9988766
1719179397.998931
1719179397.999344
1719179397.9996583
1719179398.2384093
1719179398.240799
1719179398.240901
1719179398.2439868
1719179404.4319906
1719179404.501972
1719179404.7683735
1719179404.773367
1719179404.775437
1719179404.7754807
1719179404.7758346
1719179404.883947
1719179404.8844733
1719179404.8903635
1719179404.8904905
1719179404.8909953
1719179404.9906194
1719179404.9918063
1719179404.997244
1719179404.9977314
1719179404.997854
1719179404.9983566
1719179404.9989383
1719179405.0832272
1719179405.0832717
1719179405.0833478
1719179405.083744
1719179405.0838883
1719179405.0861268
1719179405.0885649
1719179405.0900748
1719179405.1001582
1719179405.1877403
1719179405.1878119
1719179405.1892774
1719179405.189327
1719179405.1898203
1719179405.1907363
1719179405.1910264
1719179405.1928327
1719179405.1947844
1719179405.1948462
1719179405.3557012
1719179405.3620565
1719179405.3640466
1719179405.3983254
1719179405.5562346
1719179405.6114862
1719179405.6116962
1719179405.6120553
1719179405.6137323
1719179405.94496
1719179405.9490252
1719179406.0870364
1719179406.1031373
1719179406.4480379
1719179406.4552252
1719179406.5641224
1719179406.5641532
1719179406.5643432
1719179406.7403545
1719179406.74074
1719179406.8945587
1719179406.9016182
1719179407.026597
1719179407.030697
1719179407.030999
1719179409.654875
1719179409.9515173
1719179411.2521644
1719179411.2568326
1719179411.2574508
1719179411.3670678
1719179411.680728
1719179411.68708
1719179411.6881394
1719179411.6971447
1719179411.9933891
1719179411.9938493
1719179411.9948704
1719179412.120619
1719179412.380073
1719179412.3803434
1719179412.380582
1719179412.387634
1719179412.6096683
1719179412.609964
1719179412.6180801
1719179412.6222813
1719179412.8467739
1719179412.8475182
1719179412.8475988
1719179412.8514438
1719179414.7943645
1719179417.1599755
1719179417.1608207
1719179417.1615765
1719179417.1706276
1719179417.3600066
1719179417.4224818
1719179417.4227912
1719179417.5463376
1719179417.5488236
1719179417.8175037
1719179417.8248725
1719179417.9345553
1719179417.935135
1719179419.9362144
1719179421.8340044
1719179421.8415425
1719179421.8435714
1719179421.930393
1719179422.1893632
1719179422.1895487
1719179422.1954837
1719179422.1957521
1719179422.5636387
1719179422.5640545
1719179422.564551
1719179422.5698755
1719179422.9031236
1719179422.9035685
1719179422.9086301
1719179422.9098692
1719179423.1982026
1719179423.2011006
1719179423.2042499
1719179423.206725
1719179423.5524652
1719179423.5584772
1719179423.5586004
1719179423.5618954
1719179423.9054213
1719179423.9119406
1719179423.912263
1719179423.9155884
1719179424.3338914
1719179424.3396206
1719179424.3407116
1719179424.3434079
1719179425.0756853
1719179425.1658473
1719179369.1292994
1719179371.3108094
1719179374.4219654
1719179379.1030579
1719179379.1075132
1719179379.1089349
1719179379.1417787
1719179379.355098
1719179379.4122212
1719179379.4378664
1719179379.4816046
1719179379.4917767
1719179379.7479444
1719179379.783367
1719179379.788707
1719179379.9076588
1719179380.1935813
1719179380.1997712
1719179380.2014167
1719179380.2019458
1719179380.4346354
1719179380.5275595
1719179380.528772
1719179380.532762
1719179380.5338783
1719179380.9455822
1719179380.946305
1719179380.9554746
1719179380.9580393
1719179381.2727697
1719179381.274136
1719179381.2802157
1719179381.2806768
1719179381.581649
1719179381.5905933
1719179381.6764905
1719179381.6807761
1719179381.9699063
1719179381.9762695
1719179381.9781492
1719179381.9788656
1719179382.1214223
1719179382.2440507
1719179382.25149
1719179382.2522426
1719179382.4086218
1719179382.415183
1719179382.4162173
1719179382.4170337
1719179382.7490907
1719179382.750837
1719179382.7516909
1719179382.8506472
1719179383.1483223
1719179383.1539943
1719179383.1580558
1719179383.2555685
1719179383.512362
1719179383.5133574
1719179383.5178306
1719179383.5186608
1719179383.8389494
1719179383.839771
1719179383.8439224
1719179383.84457
1719179385.8195257
1719179388.1996703
1719179388.2002032
1719179388.204702
1719179388.2069337
1719179388.519686
1719179388.629941
1719179388.6312885
1719179388.6331744
1719179388.9494348
1719179388.949649
1719179388.9498103
1719179388.9515674
1719179389.255489
1719179389.2555647
1719179389.2627056
1719179389.3776813
1719179390.658464
1719179390.6602478
1719179390.6652188
1719179390.6660893
1719179390.9849827
1719179391.0141008
1719179391.0167274
1719179391.0208597
1719179391.119711
1719179391.3999681
1719179391.4039726
1719179391.4061637
1719179391.5182028
1719179391.7647269
1719179391.7690797
1719179391.7701013
1719179391.8783321
1719179392.1103237
1719179392.1111207
1719179392.1154118
1719179392.1154625
1719179394.7368178
1719179396.230716
1719179396.23077
1719179396.2310784
1719179396.3276625
1719179396.4662337
1719179396.6268668
1719179396.6276865
1719179396.6331704
1719179396.6340923
1719179396.981563
1719179396.982643
1719179396.9831645
1719179396.9880497
1719179397.201759
1719179397.2030609
1719179397.3045266
1719179397.3123398
1719179397.7030172
1719179397.7088046
1719179397.7093294
1719179397.711619
1719179397.9988766
1719179397.998931
1719179397.999344
1719179397.9996583
1719179398.2384093
1719179398.240799
1719179398.240901
1719179398.2439868
1719179404.4319906
1719179404.501972
1719179404.7683735
1719179404.773367
1719179404.775437
1719179404.7754807
1719179404.7758346
1719179404.883947
1719179404.8844733
1719179404.8903635
1719179404.8904905
1719179404.8909953
1719179404.9906194
1719179404.9918063
1719179404.997244
1719179404.9977314
1719179404.997854
1719179404.9983566
1719179404.9989383
1719179405.0832272
1719179405.0832717
1719179405.0833478
1719179405.083744
1719179405.0838883
1719179405.0861268
1719179405.0885649
1719179405.0900748
1719179405.1001582
1719179405.1877403
1719179405.1878119
1719179405.1892774
1719179405.189327
1719179405.1898203
1719179405.1907363
1719179405.1910264
1719179405.1928327
1719179405.1947844
1719179405.1948462
1719179405.3557012
1719179405.3620565
1719179405.3640466
1719179405.3983254
1719179405.5562346
1719179405.6114862
1719179405.6116962
1719179405.6120553
1719179405.6137323
1719179405.94496
1719179405.9490252
1719179406.0870364
1719179406.1031373
1719179406.4480379
1719179406.4552252
1719179406.5641224
1719179406.5641532
1719179406.5643432
1719179406.7403545
1719179406.74074
1719179406.8945587
1719179406.9016182
1719179407.026597
1719179407.030697
1719179407.030999
1719179409.654875
1719179409.9515173
1719179411.2521644
1719179411.2568326
1719179411.2574508
1719179411.3670678
1719179411.680728
1719179411.68708
1719179411.6881394
1719179411.6971447
1719179411.9933891
1719179411.9938493
1719179411.9948704
1719179412.120619
1719179412.380073
1719179412.3803434
1719179412.380582
1719179412.387634
1719179412.6096683
1719179412.609964
1719179412.6180801
1719179412.6222813
1719179412.8467739
1719179412.8475182
1719179412.8475988
1719179412.8514438
1719179414.7943645
1719179417.1599755
1719179417.1608207
1719179417.1615765
1719179417.1706276
1719179417.3600066
1719179417.4224818
1719179417.4227912
1719179417.5463376
1719179417.5488236
1719179417.8175037
1719179417.8248725
1719179417.9345553
1719179417.935135
1719179419.9362144
1719179421.8340044
1719179421.8415425
1719179421.8435714
1719179421.930393
1719179422.1893632
1719179422.1895487
1719179422.1954837
1719179422.1957521
1719179422.5636387
1719179422.5640545
1719179422.564551
1719179422.5698755
1719179422.9031236
1719179422.9035685
1719179422.9086301
1719179422.9098692
1719179423.1982026
1719179423.2011006
1719179423.2042499
1719179423.206725
1719179423.5524652
1719179423.5584772
1719179423.5586004
1719179423.5618954
1719179423.9054213
1719179423.9119406
1719179423.912263
1719179423.9155884
1719179424.3338914
1719179424.3396206
1719179424.3407116
1719179424.3434079
1719179425.0756853
1719179425.1658473
1719179428.2284195
1719179428.2345116
1719179428.2347023
1719179428.2385325
1719179428.6108532
1719179428.6109753
1719179428.6172376
1719179428.6194913
1719179428.8193443
1719179428.8232949
1719179428.8245506
1719179428.8272538
1719179369.1292994
1719179371.3108094
1719179374.4219654
1719179379.1030579
1719179379.1075132
1719179379.1089349
1719179379.1417787
1719179379.355098
1719179379.4122212
1719179379.4378664
1719179379.4816046
1719179379.4917767
1719179379.7479444
1719179379.783367
1719179379.788707
1719179379.9076588
1719179380.1935813
1719179380.1997712
1719179380.2014167
1719179380.2019458
1719179380.4346354
1719179380.5275595
1719179380.528772
1719179380.532762
1719179380.5338783
1719179380.9455822
1719179380.946305
1719179380.9554746
1719179380.9580393
1719179381.2727697
1719179381.274136
1719179381.2802157
1719179381.2806768
1719179381.581649
1719179381.5905933
1719179381.6764905
1719179381.6807761
1719179381.9699063
1719179381.9762695
1719179381.9781492
1719179381.9788656
1719179382.1214223
1719179382.2440507
1719179382.25149
1719179382.2522426
1719179382.4086218
1719179382.415183
1719179382.4162173
1719179382.4170337
1719179382.7490907
1719179382.750837
1719179382.7516909
1719179382.8506472
1719179383.1483223
1719179383.1539943
1719179383.1580558
1719179383.2555685
1719179383.512362
1719179383.5133574
1719179383.5178306
1719179383.5186608
1719179383.8389494
1719179383.839771
1719179383.8439224
1719179383.84457
1719179385.8195257
1719179388.1996703
1719179388.2002032
1719179388.204702
1719179388.2069337
1719179388.519686
1719179388.629941
1719179388.6312885
1719179388.6331744
1719179388.9494348
1719179388.949649
1719179388.9498103
1719179388.9515674
1719179389.255489
1719179389.2555647
1719179389.2627056
1719179389.3776813
1719179390.658464
1719179390.6602478
1719179390.6652188
1719179390.6660893
1719179390.9849827
1719179391.0141008
1719179391.0167274
1719179391.0208597
1719179391.119711
1719179391.3999681
1719179391.4039726
1719179391.4061637
1719179391.5182028
1719179391.7647269
1719179391.7690797
1719179391.7701013
1719179391.8783321
1719179392.1103237
1719179392.1111207
1719179392.1154118
1719179392.1154625
1719179394.7368178
1719179396.230716
1719179396.23077
1719179396.2310784
1719179396.3276625
1719179396.4662337
1719179396.6268668
1719179396.6276865
1719179396.6331704
1719179396.6340923
1719179396.981563
1719179396.982643
1719179396.9831645
1719179396.9880497
1719179397.201759
1719179397.2030609
1719179397.3045266
1719179397.3123398
1719179397.7030172
1719179397.7088046
1719179397.7093294
1719179397.711619
1719179397.9988766
1719179397.998931
1719179397.999344
1719179397.9996583
1719179398.2384093
1719179398.240799
1719179398.240901
1719179398.2439868
1719179404.4319906
1719179404.501972
1719179404.7683735
1719179404.773367
1719179404.775437
1719179404.7754807
1719179404.7758346
1719179404.883947
1719179404.8844733
1719179404.8903635
1719179404.8904905
1719179404.8909953
1719179404.9906194
1719179404.9918063
1719179404.997244
1719179404.9977314
1719179404.997854
1719179404.9983566
1719179404.9989383
1719179405.0832272
1719179405.0832717
1719179405.0833478
1719179405.083744
1719179405.0838883
1719179405.0861268
1719179405.0885649
1719179405.0900748
1719179405.1001582
1719179405.1877403
1719179405.1878119
1719179405.1892774
1719179405.189327
1719179405.1898203
1719179405.1907363
1719179405.1910264
1719179405.1928327
1719179405.1947844
1719179405.1948462
1719179405.3557012
1719179405.3620565
1719179405.3640466
1719179405.3983254
1719179405.5562346
1719179405.6114862
1719179405.6116962
1719179405.6120553
1719179405.6137323
1719179405.94496
1719179405.9490252
1719179406.0870364
1719179406.1031373
1719179406.4480379
1719179406.4552252
1719179406.5641224
1719179406.5641532
1719179406.5643432
1719179406.7403545
1719179406.74074
1719179406.8945587
1719179406.9016182
1719179407.026597
1719179407.030697
1719179407.030999
1719179409.654875
1719179409.9515173
1719179411.2521644
1719179411.2568326
1719179411.2574508
1719179411.3670678
1719179411.680728
1719179411.68708
1719179411.6881394
1719179411.6971447
1719179411.9933891
1719179411.9938493
1719179411.9948704
1719179412.120619
1719179412.380073
1719179412.3803434
1719179412.380582
1719179412.387634
1719179412.6096683
1719179412.609964
1719179412.6180801
1719179412.6222813
1719179412.8467739
1719179412.8475182
1719179412.8475988
1719179412.8514438
1719179414.7943645
1719179417.1599755
1719179417.1608207
1719179417.1615765
1719179417.1706276
1719179417.3600066
1719179417.4224818
1719179417.4227912
1719179417.5463376
1719179417.5488236
1719179417.8175037
1719179417.8248725
1719179417.9345553
1719179417.935135
1719179419.9362144
1719179421.8340044
1719179421.8415425
1719179421.8435714
1719179421.930393
1719179422.1893632
1719179422.1895487
1719179422.1954837
1719179422.1957521
1719179422.5636387
1719179422.5640545
1719179422.564551
1719179422.5698755
1719179422.9031236
1719179422.9035685
1719179422.9086301
1719179422.9098692
1719179423.1982026
1719179423.2011006
1719179423.2042499
1719179423.206725
1719179423.5524652
1719179423.5584772
1719179423.5586004
1719179423.5618954
1719179423.9054213
1719179423.9119406
1719179423.912263
1719179423.9155884
1719179424.3338914
1719179424.3396206
1719179424.3407116
1719179424.3434079
1719179425.0756853
1719179425.1658473
1719179428.2284195
1719179428.2345116
1719179428.2347023
1719179428.2385325
1719179428.6108532
1719179428.6109753
1719179428.6172376
1719179428.6194913
1719179428.8193443
1719179428.8232949
1719179428.8245506
1719179428.8272538
1719179429.1924772
1719179429.1932368
1719179429.1983557
1719179429.1986144
1719179429.4337838
1719179429.4393692
1719179429.4400394
1719179429.5555892
1719179429.7577605
1719179429.9004936
1719179429.902447
1719179429.9081795
1719179430.1915562
1719179430.1967268
1719179430.1968086
1719179430.3547363
1719179430.4533136
1719179369.1292994
1719179371.3108094
1719179374.4219654
1719179379.1030579
1719179379.1075132
1719179379.1089349
1719179379.1417787
1719179379.355098
1719179379.4122212
1719179379.4378664
1719179379.4816046
1719179379.4917767
1719179379.7479444
1719179379.783367
1719179379.788707
1719179379.9076588
1719179380.1935813
1719179380.1997712
1719179380.2014167
1719179380.2019458
1719179380.4346354
1719179380.5275595
1719179380.528772
1719179380.532762
1719179380.5338783
1719179380.9455822
1719179380.946305
1719179380.9554746
1719179380.9580393
1719179381.2727697
1719179381.274136
1719179381.2802157
1719179381.2806768
1719179381.581649
1719179381.5905933
1719179381.6764905
1719179381.6807761
1719179381.9699063
1719179381.9762695
1719179381.9781492
1719179381.9788656
1719179382.1214223
1719179382.2440507
1719179382.25149
1719179382.2522426
1719179382.4086218
1719179382.415183
1719179382.4162173
1719179382.4170337
1719179382.7490907
1719179382.750837
1719179382.7516909
1719179382.8506472
1719179383.1483223
1719179383.1539943
1719179383.1580558
1719179383.2555685
1719179383.512362
1719179383.5133574
1719179383.5178306
1719179383.5186608
1719179383.8389494
1719179383.839771
1719179383.8439224
1719179383.84457
1719179385.8195257
1719179388.1996703
1719179388.2002032
1719179388.204702
1719179388.2069337
1719179388.519686
1719179388.629941
1719179388.6312885
1719179388.6331744
1719179388.9494348
1719179388.949649
1719179388.9498103
1719179388.9515674
1719179389.255489
1719179389.2555647
1719179389.2627056
1719179389.3776813
1719179390.658464
1719179390.6602478
1719179390.6652188
1719179390.6660893
1719179390.9849827
1719179391.0141008
1719179391.0167274
1719179391.0208597
1719179391.119711
1719179391.3999681
1719179391.4039726
1719179391.4061637
1719179391.5182028
1719179391.7647269
1719179391.7690797
1719179391.7701013
1719179391.8783321
1719179392.1103237
1719179392.1111207
1719179392.1154118
1719179392.1154625
1719179394.7368178
1719179396.230716
1719179396.23077
1719179396.2310784
1719179396.3276625
1719179396.4662337
1719179396.6268668
1719179396.6276865
1719179396.6331704
1719179396.6340923
1719179396.981563
1719179396.982643
1719179396.9831645
1719179396.9880497
1719179397.201759
1719179397.2030609
1719179397.3045266
1719179397.3123398
1719179397.7030172
1719179397.7088046
1719179397.7093294
1719179397.711619
1719179397.9988766
1719179397.998931
1719179397.999344
1719179397.9996583
1719179398.2384093
1719179398.240799
1719179398.240901
1719179398.2439868
1719179404.4319906
1719179404.501972
1719179404.7683735
1719179404.773367
1719179404.775437
1719179404.7754807
1719179404.7758346
1719179404.883947
1719179404.8844733
1719179404.8903635
1719179404.8904905
1719179404.8909953
1719179404.9906194
1719179404.9918063
1719179404.997244
1719179404.9977314
1719179404.997854
1719179404.9983566
1719179404.9989383
1719179405.0832272
1719179405.0832717
1719179405.0833478
1719179405.083744
1719179405.0838883
1719179405.0861268
1719179405.0885649
1719179405.0900748
1719179405.1001582
1719179405.1877403
1719179405.1878119
1719179405.1892774
1719179405.189327
1719179405.1898203
1719179405.1907363
1719179405.1910264
1719179405.1928327
1719179405.1947844
1719179405.1948462
1719179405.3557012
1719179405.3620565
1719179405.3640466
1719179405.3983254
1719179405.5562346
1719179405.6114862
1719179405.6116962
1719179405.6120553
1719179405.6137323
1719179405.94496
1719179405.9490252
1719179406.0870364
1719179406.1031373
1719179406.4480379
1719179406.4552252
1719179406.5641224
1719179406.5641532
1719179406.5643432
1719179406.7403545
1719179406.74074
1719179406.8945587
1719179406.9016182
1719179407.026597
1719179407.030697
1719179407.030999
1719179409.654875
1719179409.9515173
1719179411.2521644
1719179411.2568326
1719179411.2574508
1719179411.3670678
1719179411.680728
1719179411.68708
1719179411.6881394
1719179411.6971447
1719179411.9933891
1719179411.9938493
1719179411.9948704
1719179412.120619
1719179412.380073
1719179412.3803434
1719179412.380582
1719179412.387634
1719179412.6096683
1719179412.609964
1719179412.6180801
1719179412.6222813
1719179412.8467739
1719179412.8475182
1719179412.8475988
1719179412.8514438
1719179414.7943645
1719179417.1599755
1719179417.1608207
1719179417.1615765
1719179417.1706276
1719179417.3600066
1719179417.4224818
1719179417.4227912
1719179417.5463376
1719179417.5488236
1719179417.8175037
1719179417.8248725
1719179417.9345553
1719179417.935135
1719179419.9362144
1719179421.8340044
1719179421.8415425
1719179421.8435714
1719179421.930393
1719179422.1893632
1719179422.1895487
1719179422.1954837
1719179422.1957521
1719179422.5636387
1719179422.5640545
1719179422.564551
1719179422.5698755
1719179422.9031236
1719179422.9035685
1719179422.9086301
1719179422.9098692
1719179423.1982026
1719179423.2011006
1719179423.2042499
1719179423.206725
1719179423.5524652
1719179423.5584772
1719179423.5586004
1719179423.5618954
1719179423.9054213
1719179423.9119406
1719179423.912263
1719179423.9155884
1719179424.3338914
1719179424.3396206
1719179424.3407116
1719179424.3434079
1719179425.0756853
1719179425.1658473
1719179428.2284195
1719179428.2345116
1719179428.2347023
1719179428.2385325
1719179428.6108532
1719179428.6109753
1719179428.6172376
1719179428.6194913
1719179428.8193443
1719179428.8232949
1719179428.8245506
1719179428.8272538
1719179429.1924772
1719179429.1932368
1719179429.1983557
1719179429.1986144
1719179429.4337838
1719179429.4393692
1719179429.4400394
1719179429.5555892
1719179429.7577605
1719179429.9004936
1719179429.902447
1719179429.9081795
1719179430.1915562
1719179430.1967268
1719179430.1968086
1719179430.3547363
1719179430.4533136
1719179369.1292994
1719179371.3108094
1719179374.4219654
1719179379.1030579
1719179379.1075132
1719179379.1089349
1719179379.1417787
1719179379.355098
1719179379.4122212
1719179379.4378664
1719179379.4816046
1719179379.4917767
1719179379.7479444
1719179379.783367
1719179379.788707
1719179379.9076588
1719179380.1935813
1719179380.1997712
1719179380.2014167
1719179380.2019458
1719179380.4346354
1719179380.5275595
1719179380.528772
1719179380.532762
1719179380.5338783
1719179380.9455822
1719179380.946305
1719179380.9554746
1719179380.9580393
1719179381.2727697
1719179381.274136
1719179381.2802157
1719179381.2806768
1719179381.581649
1719179381.5905933
1719179381.6764905
1719179381.6807761
1719179381.9699063
1719179381.9762695
1719179381.9781492
1719179381.9788656
1719179382.1214223
1719179382.2440507
1719179382.25149
1719179382.2522426
1719179382.4086218
1719179382.415183
1719179382.4162173
1719179382.4170337
1719179382.7490907
1719179382.750837
1719179382.7516909
1719179382.8506472
1719179383.1483223
1719179383.1539943
1719179383.1580558
1719179383.2555685
1719179383.512362
1719179383.5133574
1719179383.5178306
1719179383.5186608
1719179383.8389494
1719179383.839771
1719179383.8439224
1719179383.84457
1719179385.8195257
1719179388.1996703
1719179388.2002032
1719179388.204702
1719179388.2069337
1719179388.519686
1719179388.629941
1719179388.6312885
1719179388.6331744
1719179388.9494348
1719179388.949649
1719179388.9498103
1719179388.9515674
1719179389.255489
1719179389.2555647
1719179389.2627056
1719179389.3776813
1719179390.658464
1719179390.6602478
1719179390.6652188
1719179390.6660893
1719179390.9849827
1719179391.0141008
1719179391.0167274
1719179391.0208597
1719179391.119711
1719179391.3999681
1719179391.4039726
1719179391.4061637
1719179391.5182028
1719179391.7647269
1719179391.7690797
1719179391.7701013
1719179391.8783321
1719179392.1103237
1719179392.1111207
1719179392.1154118
1719179392.1154625
1719179394.7368178
1719179396.230716
1719179396.23077
1719179396.2310784
1719179396.3276625
1719179396.4662337
1719179396.6268668
1719179396.6276865
1719179396.6331704
1719179396.6340923
1719179396.981563
1719179396.982643
1719179396.9831645
1719179396.9880497
1719179397.201759
1719179397.2030609
1719179397.3045266
1719179397.3123398
1719179397.7030172
1719179397.7088046
1719179397.7093294
1719179397.711619
1719179397.9988766
1719179397.998931
1719179397.999344
1719179397.9996583
1719179398.2384093
1719179398.240799
1719179398.240901
1719179398.2439868
1719179404.4319906
1719179404.501972
1719179404.7683735
1719179404.773367
1719179404.775437
1719179404.7754807
1719179404.7758346
1719179404.883947
1719179404.8844733
1719179404.8903635
1719179404.8904905
1719179404.8909953
1719179404.9906194
1719179404.9918063
1719179404.997244
1719179404.9977314
1719179404.997854
1719179404.9983566
1719179404.9989383
1719179405.0832272
1719179405.0832717
1719179405.0833478
1719179405.083744
1719179405.0838883
1719179405.0861268
1719179405.0885649
1719179405.0900748
1719179405.1001582
1719179405.1877403
1719179405.1878119
1719179405.1892774
1719179405.189327
1719179405.1898203
1719179405.1907363
1719179405.1910264
1719179405.1928327
1719179405.1947844
1719179405.1948462
1719179405.3557012
1719179405.3620565
1719179405.3640466
1719179405.3983254
1719179405.5562346
1719179405.6114862
1719179405.6116962
1719179405.6120553
1719179405.6137323
1719179405.94496
1719179405.9490252
1719179406.0870364
1719179406.1031373
1719179406.4480379
1719179406.4552252
1719179406.5641224
1719179406.5641532
1719179406.5643432
1719179406.7403545
1719179406.74074
1719179406.8945587
1719179406.9016182
1719179407.026597
1719179407.030697
1719179407.030999
1719179409.654875
1719179409.9515173
1719179411.2521644
1719179411.2568326
1719179411.2574508
1719179411.3670678
1719179411.680728
1719179411.68708
1719179411.6881394
1719179411.6971447
1719179411.9933891
1719179411.9938493
1719179411.9948704
1719179412.120619
1719179412.380073
1719179412.3803434
1719179412.380582
1719179412.387634
1719179412.6096683
1719179412.609964
1719179412.6180801
1719179412.6222813
1719179412.8467739
1719179412.8475182
1719179412.8475988
1719179412.8514438
1719179414.7943645
1719179417.1599755
1719179417.1608207
1719179417.1615765
1719179417.1706276
1719179417.3600066
1719179417.4224818
1719179417.4227912
1719179417.5463376
1719179417.5488236
1719179417.8175037
1719179417.8248725
1719179417.9345553
1719179417.935135
1719179419.9362144
1719179421.8340044
1719179421.8415425
1719179421.8435714
1719179421.930393
1719179422.1893632
1719179422.1895487
1719179422.1954837
1719179422.1957521
1719179422.5636387
1719179422.5640545
1719179422.564551
1719179422.5698755
1719179422.9031236
1719179422.9035685
1719179422.9086301
1719179422.9098692
1719179423.1982026
1719179423.2011006
1719179423.2042499
1719179423.206725
1719179423.5524652
1719179423.5584772
1719179423.5586004
1719179423.5618954
1719179423.9054213
1719179423.9119406
1719179423.912263
1719179423.9155884
1719179424.3338914
1719179424.3396206
1719179424.3407116
1719179424.3434079
1719179425.0756853
1719179425.1658473
1719179428.2284195
1719179428.2345116
1719179428.2347023
1719179428.2385325
1719179428.6108532
1719179428.6109753
1719179428.6172376
1719179428.6194913
1719179428.8193443
1719179428.8232949
1719179428.8245506
1719179428.8272538
1719179429.1924772
1719179429.1932368
1719179429.1983557
1719179429.1986144
1719179429.4337838
1719179429.4393692
1719179429.4400394
1719179429.5555892
1719179429.7577605
1719179429.9004936
1719179429.902447
1719179429.9081795
1719179430.1915562
1719179430.1967268
1719179430.1968086
1719179430.3547363
1719179430.4533136
1719179434.7166388
1719179434.7168944
1719179434.718933
1719179434.7245271
1719179435.0140064
1719179435.0140471
1719179435.0174947
1719179435.0200024
1719179435.2418132
