1719333996.7654498
1719333996.9877408
1719333997.2099817
----------
1719334002.4826374
1719334002.7048578
1719334002.9272363
1719334003.1494825
----------
1719334008.6411505
----------
1719334014.1595294
1719334014.3818586
1719334014.6040702
1719334014.8263125
1719334015.0486515
1719334015.2710197
1719334015.49322
----------
1719334019.3845136
1719334019.606724
1719334019.8290207
1719334020.0512242
1719334020.2734659
----------
1719334032.349009
1719334032.571179
1719334032.7934144
1719334033.015858
1719334033.2381113
1719334033.4603407
1719334033.682639
----------
1719334037.736859
1719334037.9590318
1719334038.1812875
1719334038.4035795
----------
1719334050.5167232
1719334050.7390275
1719334050.9612603
1719334051.183524
1719334051.4057593
----------
1719334057.009423
1719334057.2316992
1719334057.4539602
1719334057.6761582
----------
1719334065.4433517
1719334065.665541
1719334065.8877707
1719334066.1100068
----------
1719334070.1327193
1719334070.3549683
1719334070.577217
1719334070.7994626
----------
1719334076.0167112
1719334076.2389557
1719334076.4611578
----------
1719334087.5104887
1719334087.734309
1719334087.9567103
1719334088.1788945
1719334088.4009967
1719334088.6232214
----------
1719334093.0487576
1719334093.2710395
1719334093.4932454
1719334093.7154481
1719334093.937686
1719334094.159863
1719334094.382097
----------
1719334098.495871
1719334098.7181237
1719334098.940172
1719334099.1623895
1719334099.3846145
----------
1719334107.403965
1719334107.6262167
1719334107.8484604
1719334108.0708146
1719334108.2930148
1719334108.5152404
1719334108.7374105
----------
1719334112.728699
1719334112.9509952
1719334113.1732588
1719334113.3955612
1719334113.6178057
1719334113.8400931
1719334114.0624611
----------
1719334336.1456635
1719334336.3679204
1719334336.5900984
1719334336.8124692
1719334337.0354514
1719334337.2578437
1719334337.480059
----------
1719334341.9105768
1719334342.132782
1719334342.3550332
1719334342.577267
1719334342.7994533
1719334343.022572
1719334343.2449753
----------
1719334348.277705
----------
1719334355.4376953
1719334355.6599793
1719334355.882261
1719334356.1045315
1719334356.3268034
1719334356.5489316
1719334356.7727928
1719334356.9950168
----------
1719334372.912705
1719334373.1348937
1719334373.3569624
1719334373.579183
----------
1719334376.1288648
1719334376.351122
1719334376.5733278
1719334376.795534
1719334377.017755
1719334377.2399385
1719334377.4621377
1719334377.6843762
1719334377.9066906
----------
1719334381.8776405
1719334382.099843
1719334382.3220496
1719334382.5445356
1719334382.7667868
1719334382.9890761
1719334383.2112956
1719334383.4335585
----------
1719334390.8363364
1719334391.0585783
1719334391.2808611
1719334391.5031385
1719334391.7253973
1719334391.9476333
1719334392.1699395
1719334392.3921516
1719334392.6144376
1719334392.8367083
1719334393.0589993
1719334393.2812867
1719334393.5034642
----------
1719334402.548807
1719334402.7710905
1719334402.993272
1719334403.2154644
1719334403.437773
1719334403.6600177
1719334403.8823624
1719334404.1045678
----------
1719334408.4004521
----------
1719334412.114457
1719334412.3366637
----------
1719334418.3828273
1719334418.6049676
----------
1719334422.3769746
1719334422.599235
1719334422.8214633
1719334423.0437078
1719334423.265976
----------
