1719333996.909792
1719333997.1254363
1719333997.336268
----------
1719334002.7432702
1719334002.9898152
1719334003.333945
----------
1719334014.301778
1719334014.5217597
1719334014.7411628
1719334014.9586742
1719334015.1770077
1719334015.4386663
1719334015.7199972
1719334015.966645
----------
1719334019.4958384
1719334019.7131553
1719334019.9562643
1719334020.1755795
1719334020.4404933
1719334020.6859987
----------
1719334032.5059755
1719334032.7193642
1719334032.9315474
1719334033.1482403
1719334033.3582761
1719334033.572569
1719334033.7843745
----------
1719334037.9046075
1719334038.1230607
1719334038.3395395
1719334038.5550332
----------
1719334050.6777942
1719334050.8930376
1719334051.1085775
1719334051.3235955
1719334051.5415611
1719334051.761381
----------
1719334057.0715852
1719334057.2898457
1719334057.505626
1719334057.7255988
1719334057.9797742
----------
1719334065.671224
1719334065.8885362
1719334066.0980601
1719334066.3368106
----------
1719334070.3546927
1719334070.5844247
1719334070.8490534
1719334071.0967376
----------
1719334076.3046386
1719334076.5141847
1719334076.7253225
----------
1719334087.7520947
1719334088.0665774
1719334088.2782822
1719334088.491068
1719334088.6996698
1719334088.913794
1719334089.150749
----------
1719334093.2792823
1719334093.5020344
1719334093.7180564
1719334093.934893
1719334094.1497922
1719334094.3624806
1719334094.576269
1719334094.7923505
----------
1719334098.6734316
1719334098.9082813
1719334099.1740916
1719334099.462735
1719334099.7337918
1719334099.968475
----------
1719334107.7274952
1719334107.95634
1719334108.16957
1719334108.379712
1719334108.589821
1719334108.853048
1719334109.0844033
1719334109.3460793
----------
1719334112.9052734
1719334113.1297991
1719334113.3549676
1719334113.5848863
1719334113.8899665
1719334114.143303
1719334114.3700323
----------
1719334336.2665324
1719334336.4775038
1719334336.687017
1719334336.894461
1719334337.1049848
1719334337.3171802
1719334337.5358107
1719334337.7569273
1719334337.9763658
----------
1719334342.1306434
1719334342.373444
1719334342.582668
1719334342.907733
1719334343.1405566
1719334343.3490865
----------
1719334348.4589381
1719334348.669368
----------
1719334355.7236965
1719334355.951068
1719334356.1738327
1719334356.390628
1719334356.6558177
1719334356.884835
1719334357.0989344
1719334357.3099747
----------
1719334373.1494744
1719334373.3562844
1719334373.5664425
1719334373.7787178
1719334373.99118
----------
1719334376.2849243
1719334376.4998016
1719334376.7153382
1719334376.9281776
1719334377.1480992
1719334377.3644052
1719334377.581051
1719334377.8546016
1719334378.0644696
1719334378.276796
----------
1719334382.111069
1719334382.337577
1719334382.5616856
1719334382.7860312
1719334383.076611
1719334383.3276582
1719334383.540766
1719334383.7484753
1719334383.9599006
----------
1719334391.1189213
1719334391.33284
1719334391.5596964
1719334391.782341
1719334392.0518277
1719334392.2953842
1719334392.5176368
1719334392.7348573
1719334392.9507174
1719334393.1713734
1719334393.3933742
1719334393.6435544
1719334393.8651028
----------
1719334402.8696613
1719334403.1264775
1719334403.3394544
1719334403.5511327
1719334403.761247
1719334403.9719598
1719334404.183458
1719334404.4680886
----------
1719334408.7386987
1719334408.9598587
----------
1719334412.2601507
1719334412.4764183
----------
1719334418.4821906
1719334418.6930299
1719334418.903432
----------
1719334422.7226918
1719334422.9437203
1719334423.166772
1719334423.3877504
1719334423.6939075
----------
