1719333898.8487775
1719333904.9972577
1719333908.061349
1719333910.1841028
1719333911.5596263
1719333922.3298466
1719333927.5589201
1719333932.3063185
1719333932.829518
1719333938.0264654
1719333943.2380767
1719333947.4955256
1719333948.4045854
1719333953.5959883
1719333958.8351266
1719333962.7454922
1719333964.01546
1719333969.2716668
1719333974.4737098
1719333977.9450061
1719333979.67376
1719333984.887018
1719333990.0975218
1719333993.139832
1719333995.2831414
1719334000.4699585
1719334005.7209256
1719334008.3782353
1719334011.143685
1719334014.7405934
1719334014.7406576
1719334014.7415385
1719334014.7428575
1719334014.9439197
1719334014.9451587
1719334014.9465585
1719334014.9472816
1719334015.1659322
1719334015.1686049
1719334015.1686773
1719334015.1687741
1719334015.363316
1719334015.3634145
1719334015.3661468
1719334015.372906
1719334015.6206126
1719334015.6209402
1719334015.6258461
1719334015.628482
1719334015.763149
1719334015.7681637
1719334015.768943
1719334015.769198
1719334016.1677594
1719334016.1713185
1719334016.1713948
1719334016.1725721
1719334016.415951
1719334016.4655826
1719334016.4681277
1719334016.4701283
1719334016.4728713
1719334019.915879
1719334019.921669
1719334019.9225986
1719334019.9235036
1719334020.0345063
1719334020.036446
1719334020.1446726
1719334020.1451836
1719334020.3857956
1719334020.395234
1719334020.3953831
1719334020.3998876
1719334020.6165478
1719334020.617225
1719334020.6188931
1719334020.6411998
1719334020.732973
1719334020.8456657
1719334020.845859
1719334020.845907
1719334021.0369039
1719334021.0383952
1719334021.0422194
1719334021.0429955
1719334021.6424568
1719334023.5720754
1719334026.8673866
1719334032.1213763
1719334032.8938327
1719334032.8942919
1719334032.8948796
1719334032.8964694
1719334033.113843
1719334033.1167858
1719334033.117457
1719334033.1236439
1719334033.2661362
1719334033.2678046
1719334033.2722418
1719334033.2744153
1719334033.5389776
1719334033.542393
1719334033.549295
1719334033.5494812
1719334033.6770146
1719334033.678743
1719334033.789516
1719334033.7904935
1719334033.9003994
1719334033.9005818
1719334033.9058318
1719334033.9984891
1719334034.2050264
1719334034.2091246
1719334034.2108488
1719334034.2131944
1719334037.3304274
1719334038.2138786
1719334038.2143698
1719334038.3163762
1719334038.3237257
1719334038.5235791
1719334038.5279758
1719334038.52813
1719334038.532378
1719334038.7461252
1719334038.7504752
1719334038.7515688
1719334038.7562869
1719334038.7687879
1719334038.9088514
1719334038.9144213
1719334038.9147081
1719334038.915435
1719334042.6031818
1719334047.84819
1719334051.0836778
1719334051.0839503
1719334051.0901074
1719334051.0979598
1719334051.2141662
1719334051.218423
1719334051.2192874
1719334051.228766
1719334051.4914913
1719334051.4957502
1719334051.4958134
1719334051.4967177
1719334051.7244146
1719334051.7253666
1719334051.7263618
1719334051.72942
1719334051.9372728
1719334051.9402776
1719334051.9403126
1719334051.9416575
1719334052.1765933
1719334052.1811635
1719334052.1824548
1719334052.193492
1719334053.092125
1719334054.0431545
1719334057.4375348
1719334057.4382484
1719334057.444351
1719334057.446036
1719334057.6906197
1719334057.6992068
1719334057.7051842
1719334057.7152536
1719334057.90504
1719334057.9108176
1719334057.9121985
1719334057.9145567
1719334058.224977
1719334058.232777
1719334058.2331228
1719334058.3400903
1719334058.3636084
1719334058.3644576
1719334058.3676045
1719334058.367663
1719334058.3680227
1719334063.6902783
1719334066.0563622
1719334066.0564275
1719334066.0581284
1719334066.0612185
1719334066.230998
1719334066.2310426
1719334066.23494
1719334066.2359228
1719334066.3989546
1719334066.5124283
1719334066.5181959
1719334066.5206008
1719334066.798408
1719334066.8031154
1719334066.8047202
1719334066.8073597
1719334068.9531713
1719334069.2902882
1719334070.7856379
1719334070.7858682
1719334070.7920387
1719334070.794453
1719334071.0738006
1719334071.0743153
1719334071.0773926
1719334071.0793698
1719334071.2329202
1719334071.2352798
1719334071.2369382
1719334071.2371666
1719334071.549325
1719334071.5499194
1719334071.5501318
1719334071.5502534
1719334074.1842022
1719334076.6670492
1719334076.6732798
1719334076.6745558
1719334076.6746597
1719334076.8882852
1719334076.888803
1719334076.8889158
1719334076.8955538
1719334077.0782237
1719334077.0786567
1719334077.0791423
1719334077.080614
1719334079.434214
1719334084.487975
1719334084.663082
1719334088.1787012
1719334088.1798277
1719334088.185644
1719334088.1879542
1719334088.3532133
1719334088.3609948
1719334088.3640552
1719334088.3681428
1719334088.6508052
1719334088.6524103
1719334088.6526275
1719334088.6593204
1719334088.8840275
1719334088.8850381
1719334088.8867002
1719334088.8904736
1719334089.0774388
1719334089.082793
1719334089.083261
1719334089.0851116
1719334089.3084216
1719334089.3097
1719334089.3097925
1719334089.31771
1719334089.600322
1719334089.6016893
1719334089.604782
1719334089.6107628
1719334089.9388068
1719334093.6801107
1719334093.680402
1719334093.686022
1719334093.6872783
1719334093.7995713
1719334093.912609
1719334093.9144218
1719334093.9145095
1719334094.0943973
1719334094.0957286
1719334094.0958457
1719334094.0963662
1719334094.3483043
1719334094.3486533
1719334094.349638
1719334094.3553417
1719334094.473859
1719334094.474761
1719334094.5754855
1719334094.5777488
1719334094.774222
1719334094.774275
1719334094.7757704
1719334094.779487
1719334094.944803
1719334094.9454865
1719334094.946667
1719334094.9513087
1719334095.157473
1719334095.1619725
1719334095.1643324
1719334095.1655822
1719334095.2020688
1719334098.9689987
1719334098.97048
1719334098.974762
1719334098.9753296
1719334099.281277
1719334099.2889597
1719334099.292173
1719334099.41832
1719334099.6476712
1719334099.649975
1719334099.654424
1719334099.656128
1719334099.7824826
1719334099.868325
1719334099.8730216
1719334099.8747077
1719334099.8769047
1719334100.1725376
1719334100.1776366
1719334100.177823
1719334100.178544
1719334100.4153993
1719334100.4159896
1719334100.4163601
1719334100.422377
1719334100.5648937
1719334105.794367
1719334108.1715984
1719334108.178672
1719334108.1790693
1719334108.1794274
1719334108.401969
1719334108.4045854
1719334108.405301
1719334108.4079688
1719334108.6125548
1719334108.6126947
1719334108.6131136
1719334108.614208
1719334108.7530293
1719334108.7574615
1719334108.758458
1719334108.759936
1719334108.9461315
1719334108.9477994
1719334108.9544516
1719334108.9545405
1719334109.1766734
1719334109.2659411
1719334109.2719998
1719334109.2721267
1719334109.3767705
1719334109.4843106
1719334109.4853938
1719334109.4859452
1719334109.7474499
1719334109.7479076
1719334109.754617
1719334109.8787868
1719334111.0101209
1719334113.326007
1719334113.3269045
1719334113.3331082
1719334113.3343024
1719334113.54652
1719334113.5467768
1719334113.5531244
1719334113.553765
1719334113.8169277
1719334113.8188016
1719334113.8269682
1719334113.8283982
1719334113.9781315
1719334113.9842138
1719334114.0829701
1719334114.087812
1719334114.2795184
1719334114.2816312
1719334114.2854416
1719334114.2872958
1719334114.49641
1719334114.5011814
1719334114.604654
1719334114.6077006
1719334114.837988
1719334114.838964
1719334114.8392797
1719334114.840709
1719334115.170247
1719334116.1715093
1719334121.3231225
1719334126.6091409
1719334130.3653343
1719334131.8977988
1719334137.1126797
1719334142.3787158
1719334145.6428907
1719334147.6099257
1719334152.830317
1719334157.9553328
1719334160.7682784
1719334163.2059731
1719334168.3229039
1719334173.5196044
1719334176.006382
1719334178.7035692
1719334183.8612943
1719334189.0697439
1719334191.2404566
1719334194.235631
1719334199.4540558
1719334204.643755
1719334206.486326
1719334209.8577096
1719334215.078588
1719334220.2590997
1719334221.6399753
1719334225.4821265
1719334230.6894364
1719334235.872558
1719334236.856704
1719334241.083773
1719334246.3335342
1719334251.5639017
1719334252.0801525
1719334256.8261728
1719334262.097347
1719334267.295434
1719334267.323507
1719334272.5803616
1719334277.816291
1719334282.6322203
1719334283.0674813
1719334288.2891219
1719334293.5228078
1719334297.8162658
1719334298.6557944
1719334303.8983073
1719334309.134246
1719334312.941888
1719334314.3700807
1719334319.5649035
1719334324.8444881
1719334328.1806328
1719334330.1292973
1719334335.3204048
1719334336.5869634
1719334336.5928795
1719334336.6887083
1719334336.6920898
1719334336.8149908
1719334336.817902
1719334336.823584
1719334336.9167755
1719334337.110502
1719334337.1149616
1719334337.114986
1719334337.1509466
1719334337.3373315
1719334337.337811
1719334337.3380933
1719334337.3423626
1719334337.5165195
1719334337.516828
1719334337.5189285
1719334337.5268188
1719334337.739598
1719334337.7397728
1719334337.7412474
1719334337.7458565
1719334337.9637196
1719334337.9641967
1719334337.9647012
1719334337.9649506
1719334338.2283862
1719334338.22875
1719334338.2290807
1719334338.2294664
1719334338.357932
1719334338.4536738
1719334340.5265477
1719334342.602462
1719334342.6028895
1719334342.6069949
1719334342.6095283
1719334342.8653562
1719334342.867404
1719334342.8674955
1719334342.8683944
1719334342.978586
1719334342.9829416
1719334342.9832852
1719334343.0881639
1719334343.1879659
1719334343.1915014
1719334343.3166313
1719334343.3218298
1719334343.3948023
1719334343.554291
1719334343.556326
1719334343.5570688
1719334343.5600293
1719334343.6984398
1719334343.8201478
1719334343.8257463
1719334343.8261878
1719334345.3991692
1719334345.8000035
1719334348.86462
1719334348.8646202
1719334348.8699093
1719334348.8709855
1719334349.0178971
1719334349.0184352
1719334349.0190163
1719334349.019422
1719334351.0690165
1719334356.149545
1719334356.1496348
1719334356.1525302
1719334356.1555634
1719334356.4109306
1719334356.4117212
1719334356.4135485
1719334356.4176462
1719334356.4419267
1719334356.654462
1719334356.657004
1719334356.6616576
1719334356.6622636
1719334356.8644958
1719334356.8660495
1719334356.8680193
1719334356.8738308
1719334357.0042837
1719334357.0092618
1719334357.014468
1719334357.115557
1719334357.2852616
1719334357.2859268
1719334357.2860222
1719334357.288084
1719334357.540705
1719334357.5466795
1719334357.5471873
1719334357.547659
1719334357.7051342
1719334357.7087731
1719334357.7090592
1719334357.7095056
1719334360.5864208
1719334361.7046769
1719334366.8875716
1719334372.111805
1719334373.4940822
1719334373.5976262
1719334373.604305
1719334373.618755
1719334373.7597547
1719334373.7617602
1719334373.7626424
1719334373.7638512
1719334374.010465
1719334374.0112636
1719334374.0119874
1719334374.0127125
1719334374.2111325
1719334374.212501
1719334374.2132235
1719334374.2141962
1719334374.440926
1719334374.4479113
1719334374.4480028
1719334374.4491274
1719334375.882288
1719334376.7179155
1719334376.7182372
1719334376.721574
1719334376.72239
1719334376.9192262
1719334376.91944
1719334376.919967
1719334376.920215
1719334377.1451957
1719334377.1510704
1719334377.1513245
1719334377.1522388
1719334377.3734002
1719334377.3734548
1719334377.3794618
1719334377.3795023
1719334377.3990226
1719334377.5870295
1719334377.5872898
1719334377.5874102
1719334377.5895126
1719334377.778208
1719334377.778646
1719334377.779584
1719334377.786988
1719334377.9983013
1719334377.9992664
1719334378.1186185
1719334378.1222167
1719334378.3016665
1719334378.3035634
1719334378.3043623
1719334378.3048298
1719334378.490969
1719334378.49249
1719334378.4963827
1719334378.5050793
1719334378.6516678
1719334378.6528964
1719334378.6589127
1719334378.7782774
1719334382.5615342
1719334382.5617595
1719334382.5624382
1719334382.5681355
1719334382.7151103
1719334382.7218523
1719334382.8215404
1719334382.8262758
1719334382.9075766
1719334383.0055506
1719334383.008348
1719334383.0086613
1719334383.008779
1719334383.2306316
1719334383.2308135
1719334383.235665
1719334383.259941
1719334383.3814044
1719334383.5086408
1719334383.5131774
1719334383.5140982
1719334383.8083754
1719334383.8131251
1719334383.8141294
1719334383.814258
1719334383.9696753
1719334383.9699254
1719334383.9700122
1719334383.9709492
1719334384.0690575
1719334384.0702093
1719334384.1961255
1719334384.1962428
1719334384.355562
1719334384.355736
1719334384.3557653
1719334384.4887908
1719334388.178042
1719334391.090258
1719334391.5992265
1719334391.599417
1719334391.602365
1719334391.6024964
1719334391.7635813
1719334391.7646856
1719334391.7742944
1719334391.7758229
1719334392.0033212
1719334392.0092664
1719334392.0114686
1719334392.0119357
1719334392.2035818
1719334392.2036984
1719334392.208929
1719334392.2102582
1719334392.4563954
1719334392.4571414
1719334392.4618433
1719334392.4630368
1719334392.500869
1719334392.5240304
1719334392.7360086
1719334392.736869
1719334392.7435896
1719334392.7439103
1719334392.9651089
1719334392.9724507
1719334392.9724798
1719334392.9767418
1719334393.152282
1719334393.1593342
1719334393.1602225
1719334393.2678297
1719334393.3997018
1719334393.3999915
1719334393.4009602
1719334393.4152308
1719334393.5279438
1719334393.6460884
1719334393.6498544
1719334393.6533532
1719334393.6571677
1719334393.7793927
1719334393.8845854
1719334393.8917258
1719334393.8946455
1719334393.9985492
1719334394.1008685
1719334394.1014569
1719334394.101844
1719334394.2323034
1719334394.236763
1719334394.3277946
1719334394.3343437
1719334398.939849
1719334403.339428
1719334403.3406928
1719334403.3431892
1719334403.3454566
1719334403.5261712
1719334403.5265121
1719334403.532849
1719334403.5331771
1719334403.7555182
1719334403.7569172
1719334403.7625513
1719334403.7644908
1719334403.9295025
1719334403.933426
1719334403.9356754
1719334404.0395932
1719334404.1832936
1719334404.1847045
1719334404.1853166
1719334404.1914532
1719334404.1918573
1719334404.4368582
1719334404.4369361
1719334404.4408424
1719334404.4447474
1719334404.634515
1719334404.6408393
1719334404.6419883
1719334404.6424818
1719334404.9742055
1719334404.9743023
1719334404.9743874
1719334404.9786422
1719334406.3791492
1719334409.1793926
1719334409.1806552
1719334409.1817634
1719334409.183914
1719334409.46283
1719334409.4637268
1719334409.4651294
1719334409.4704602
1719334409.4716265
1719334412.609769
1719334412.6121354
1719334412.618394
1719334412.6197338
1719334412.858245
1719334412.8583875
1719334412.8584316
1719334412.9453132
1719334414.7668352
1719334418.9392111
1719334418.9429321
1719334418.9445424
1719334418.9455137
1719334419.1326745
1719334419.134051
1719334419.140804
1719334419.1414278
1719334419.3300178
1719334419.3302486
1719334419.3303573
1719334419.332806
1719334419.9453542
1719334421.5024476
1719334423.09983
1719334423.1042264
1719334423.1045613
1719334423.2070487
1719334423.4125369
1719334423.4126964
1719334423.4136956
1719334423.414367
