1719179378.7572677
1719179379.1270385
1719179379.4662833
1719179379.8153272
1719179380.1659107
1719179380.5548368
1719179380.9236577
1719179381.2311742
1719179381.547595
1719179381.8634148
1719179382.1387134
1719179382.4708319
1719179382.8332431
1719179383.2036538
1719179383.5616448
----------
1719179387.8886344
1719179388.2337954
1719179388.5980687
1719179388.965698
----------
1719179390.3789797
1719179390.7301145
1719179391.0972025
1719179391.4579453
1719179391.8090484
----------
1719179395.932088
1719179396.2798824
1719179396.633947
1719179396.961055
1719179397.3207426
1719179397.591412
1719179397.852352
----------
1719179402.0198052
1719179402.3390992
1719179402.6662319
1719179402.991985
1719179403.31815
1719179403.6618457
1719179404.0227487
1719179404.3812296
1719179404.7474432
1719179404.9995146
1719179405.2417634
1719179405.6556895
1719179405.9199486
1719179406.274889
1719179406.58148
----------
1719179410.9872477
1719179411.333979
1719179411.6896214
1719179411.9780214
1719179412.2146704
1719179412.545686
----------
1719179416.8514957
1719179417.1775558
1719179417.5120535
----------
1719179421.5364866
1719179421.8913772
1719179422.2252865
1719179422.5661738
1719179422.905885
1719179423.233279
1719179423.6015832
1719179424.0985823
----------
1719179427.9284635
1719179428.1911352
1719179428.5127754
1719179428.8056521
1719179429.1550388
1719179429.50788
1719179429.8485696
----------
1719179434.3605394
1719179434.7006326
1719179434.9447453
1719179435.3114717
1719179435.5946252
----------
