1719528943.5772047
1719528944.0819046
1719528944.5867069
1719528945.0914228
1719528945.5958881
1719528946.1006289
1719528946.6053767
1719528947.11013
1719528947.6149113
1719528948.1198378
1719528948.6246629
1719528949.1294072
1719528949.6341145
1719528950.1387904
1719528950.643252
1719528951.14784
1719528951.652591
1719528952.1573594
1719528952.662074
1719528953.1668062
1719528953.6716042
1719528954.1763318
1719528954.6810288
1719528955.1858108
1719528955.6905222
1719528956.1953642
1719528956.6999094
1719528957.204691
----------
1719529004.945394
1719529005.4500613
----------
1719529021.3972697
1719529021.9021358
----------
1719529038.171937
1719529038.676637
----------
1719529054.6164074
1719529055.1212564
1719529055.6260293
----------
1719529071.3351383
1719529071.839794
----------
1719529087.600866
1719529088.1056666
----------
1719529104.0770717
1719529104.5818248
1719529105.086567
----------
1719529120.8665934
1719529121.3714466
1719529121.8758175
----------
1719529137.3881726
----------
