1719255374.1789393
1719255374.4012246
1719255374.7122135
1719255374.9505315
1719255375.1727898
----------
1719255377.9286187
1719255378.157155
1719255378.3793926
1719255378.6016488
1719255378.8575518
----------
1719255382.132547
1719255382.3599703
1719255382.58227
1719255382.8504612
1719255383.1006134
1719255383.3357034
1719255383.558625
----------
1719255388.359704
1719255388.5866852
1719255388.8773215
1719255389.099604
1719255389.3242908
1719255389.5517094
1719255389.7739315
----------
1719255393.5082314
1719255393.735632
1719255393.9647415
1719255394.1869516
1719255394.4757152
1719255394.71003
1719255394.9465773
1719255395.1719375
1719255395.3942099
----------
1719255398.7433863
1719255398.977615
1719255399.1999016
1719255399.4768922
1719255399.7209618
1719255399.9432065
1719255400.1751792
1719255400.3974009
1719255400.6953483
1719255400.9482777
1719255401.3538396
1719255401.6874123
1719255401.9968545
1719255402.273689
1719255402.4998205
1719255402.729971
1719255402.9522705
1719255403.174596
1719255403.3968186
1719255403.659768
1719255403.881954
1719255404.109676
1719255404.337093
----------
1719255416.577593
1719255416.799828
1719255417.0444682
1719255417.2716544
1719255417.5266104
1719255417.7508893
1719255417.9731302
1719255418.1953928
1719255418.4892082
1719255418.713329
1719255418.9356012
1719255419.1578717
1719255419.3800993
1719255419.6022482
1719255419.8613167
1719255420.0844488
1719255420.313518
1719255420.5474122
1719255420.7697403
1719255420.9920366
----------
1719255429.3612704
1719255429.5835767
1719255429.8532538
1719255430.1276588
1719255430.3499782
1719255430.572219
1719255430.7944667
1719255431.1763656
1719255431.483358
1719255431.7133884
----------
1719255432.1926095
1719255432.4769294
1719255432.704733
1719255432.9269645
1719255433.149222
1719255433.371444
1719255433.5936728
1719255433.8996854
1719255434.1286936
1719255434.3509467
1719255434.5732756
1719255434.7955456
1719255435.0942018
1719255435.3236551
----------
1719255445.5645595
1719255445.786877
1719255446.4447644
1719255446.7333183
1719255447.065734
1719255447.2933478
1719255447.52362
1719255447.7459605
1719255447.9682312
1719255448.190559
1719255448.4797323
1719255448.7341871
1719255448.972054
1719255449.194268
1719255449.4837987
1719255449.719838
1719255449.9420938
1719255450.1643555
1719255450.3866506
----------
1719255458.7768922
1719255458.9993958
1719255459.275815
1719255459.5162446
1719255459.7435594
1719255459.978338
1719255460.2005491
1719255460.4649823
----------
1719255466.7135394
1719255466.9357088
1719255467.157997
1719255467.3802516
1719255467.6025612
1719255467.900349
1719255468.1343937
1719255468.3567216
1719255468.578985
1719255468.80121
1719255469.0771182
1719255469.316039
1719255469.5486846
1719255469.7709415
1719255470.1010225
1719255470.331662
1719255470.5727806
1719255470.795072
1719255471.075427
1719255471.327535
----------
1719255479.7363954
1719255479.9689746
1719255480.1912282
1719255480.4773896
1719255480.7206795
1719255480.942998
1719255481.165299
1719255481.3927212
1719255481.667559
1719255481.9309647
1719255482.1535861
1719255482.3854663
1719255482.6690283
1719255482.940136
1719255483.1623106
1719255483.3845677
----------
1719255489.5571225
1719255489.7844808
1719255490.098848
1719255490.3292506
1719255490.5566287
1719255490.781026
1719255491.0032647
1719255491.2694018
1719255491.5151825
1719255491.7425072
1719255491.9647763
1719255492.1869867
1719255492.4404576
1719255492.6692805
1719255492.9318645
1719255493.1606257
----------
1719255501.3299983
1719255501.552264
1719255501.7745202
1719255502.064923
1719255502.3027625
1719255502.5252178
1719255502.7475657
1719255502.9787784
1719255503.2010598
1719255503.4694107
1719255503.7315574
1719255503.9538612
1719255504.181271
1719255504.4035208
1719255504.6801877
----------
1719255513.9161317
1719255514.1382186
1719255514.3605769
1719255514.582853
1719255514.8388443
1719255515.0626357
1719255515.2848845
1719255515.5098622
1719255515.747589
1719255515.9698756
1719255516.192103
1719255516.4739087
1719255516.7389846
1719255516.9639487
1719255517.186476
1719255517.469961
1719255517.7046328
1719255517.926876
1719255518.1535463
1719255518.3757956
1719255518.5980124
----------
1719255528.9702919
1719255529.1925771
1719255529.4688573
1719255529.7087383
1719255529.9406362
1719255530.1667418
1719255530.3890665
1719255530.6644542
1719255530.9493573
----------
1719255534.3219686
1719255534.5442348
1719255534.7664318
1719255534.9888036
1719255535.2586884
1719255535.5043547
1719255535.7334688
1719255535.9557526
1719255536.244784
1719255536.5501578
1719255536.7724485
1719255537.0786233
1719255537.3008277
1719255537.5230548
1719255537.7452602
1719255537.9675655
1719255538.189775
----------
1719255545.33717
1719255545.5594077
1719255545.7817364
1719255546.1076093
1719255546.3379927
1719255546.5627136
1719255546.7850165
1719255547.0589037
1719255547.2901971
1719255547.5321982
1719255547.7727404
1719255547.9949808
1719255548.274712
1719255548.5010974
1719255548.7336736
1719255548.9622333
1719255549.184477
----------
1719255556.7219527
1719255556.9441411
1719255557.166221
1719255557.3884385
1719255557.6955009
1719255557.9316015
1719255558.1676555
1719255558.3899415
1719255558.7145758
1719255558.9501817
1719255559.172394
1719255559.3946333
1719255559.6634429
1719255559.9443886
1719255560.1666114
1719255560.3889198
1719255560.665785
1719255560.888053
----------
1719255567.5030065
1719255567.7252219
1719255567.9474885
1719255568.1697166
1719255568.392032
1719255568.6669846
1719255568.9575534
1719255569.1798184
1719255569.402072
1719255569.6793303
1719255569.9165168
1719255570.1489775
----------
1719255577.927807
1719255578.1551332
1719255578.3774204
1719255578.5996828
1719255578.916689
1719255579.1429658
1719255579.3652623
1719255579.5875552
1719255579.8668654
1719255580.089164
1719255580.3180742
1719255580.54344
----------
1719255583.5369112
1719255583.759203
1719255583.9946418
1719255584.2829578
1719255584.515494
1719255584.7532377
1719255584.9755015
1719255585.197816
1719255585.4756641
1719255585.700192
1719255585.935299
1719255586.1575553
1719255586.3797908
1719255586.6020288
1719255586.8613975
1719255587.1258638
1719255587.348068
1719255587.570294
1719255587.7925503
1719255588.1080937
1719255588.330211
1719255588.5524232
1719255588.77889
1719255589.0010867
1719255589.2519102
1719255589.4884639
1719255589.7258224
----------
1719255595.9796205
1719255596.2018795
1719255596.5548558
1719255596.8307178
1719255597.133112
1719255597.413935
1719255597.6550932
1719255597.882051
1719255598.104348
1719255598.331701
1719255598.5540502
1719255598.7763407
1719255598.9986942
1719255599.2512884
1719255599.4798038
1719255599.7143846
1719255599.94609
1719255600.1764193
1719255600.3986967
1719255600.647636
1719255600.8736036
1719255601.1103973
1719255601.3354137
1719255601.5576837
1719255601.779921
----------
1719255608.926687
1719255609.1489727
1719255609.3712692
1719255609.59357
1719255609.9143713
1719255610.1511767
1719255610.3754275
1719255610.597736
1719255610.858031
1719255611.1205492
1719255611.5511262
1719255611.8376727
1719255612.1954665
1719255612.4391508
1719255612.69913
1719255612.9213583
1719255613.143525
1719255613.3657186
----------
1719255623.9900806
1719255624.277144
1719255624.504545
1719255624.738184
1719255624.9602718
1719255625.1825106
1719255625.4475229
1719255625.6762168
1719255625.9046555
1719255626.12959
1719255626.366821
1719255626.5999603
1719255626.8899162
1719255627.114899
1719255627.3387015
----------
1719255637.570472
1719255637.7926755
1719255638.0824056
1719255638.3071702
1719255638.5345848
1719255638.756923
1719255638.979185
1719255639.201437
1719255639.4745705
1719255639.7200582
1719255639.9469812
----------
1719255645.1224782
1719255645.3502443
1719255645.57251
1719255645.7947872
1719255646.0748322
1719255646.303503
1719255646.5320196
1719255646.7542107
1719255646.976419
1719255647.198705
1719255647.4796436
1719255647.7286088
1719255647.9508965
1719255648.1732063
1719255648.3954363
1719255648.7078245
1719255648.9300938
1719255649.1556337
1719255649.3778508
1719255649.6000957
1719255649.858443
1719255650.1437855
1719255650.3660884
1719255650.588339
----------
1719255657.9213367
1719255658.1436274
1719255658.3657622
1719255658.5880945
1719255658.8638644
1719255659.104693
1719255659.3402627
1719255659.5624921
1719255659.7847636
1719255660.1046462
1719255660.332094
1719255660.5543232
1719255660.7765656
1719255660.998865
1719255661.2865596
1719255661.5206034
1719255661.7428823
1719255661.965179
1719255662.187464
1719255662.477647
1719255662.719231
1719255662.9445763
1719255663.1668367
1719255663.3891184
1719255663.682427
1719255663.9192243
1719255664.141408
1719255664.373105
1719255664.5953817
1719255664.9106479
1719255665.1328874
1719255665.3551116
1719255665.5773602
1719255665.7996116
----------
1719255675.1798282
1719255675.4021432
1719255675.7108855
1719255675.9415174
1719255676.163747
1719255676.386003
1719255676.6872425
1719255676.9115157
1719255677.138955
1719255677.3669665
1719255677.5892017
1719255677.858521
1719255678.120492
1719255678.3479104
1719255678.5701919
1719255678.7924683
1719255679.0778852
1719255679.336595
1719255679.5588434
1719255679.781144
1719255680.0034542
1719255680.2646368
1719255680.4870212
1719255680.7191875
1719255680.9502554
----------
1719255687.5364954
1719255687.7586946
1719255687.9810426
1719255688.2032526
1719255688.4459324
1719255688.6864552
1719255688.9088724
1719255689.1361969
1719255689.3584871
1719255689.5807323
1719255689.8030922
1719255690.1102989
1719255690.3325646
1719255690.5548487
1719255690.7771301
1719255690.9994256
1719255691.2995355
1719255691.5428293
1719255691.765137
1719255691.987413
----------
