1719254355.0911956
1719254355.2244828
1719254355.3546476
1719254355.5083842
1719254355.648123
1719254355.7754834
1719254355.9193935
1719254356.0445714
1719254356.166802
1719254356.3254833
1719254356.4573832
1719254356.5880125
1719254356.7282948
1719254356.850558
1719254357.0049422
1719254357.1560707
1719254357.301439
1719254357.4470363
1719254357.6046143
1719254357.7682273
1719254357.9242885
1719254358.1015842
1719254358.2237484
1719254358.3506174
1719254358.5536332
1719254358.731814
1719254358.9092395
1719254359.0418255
1719254359.1749363
1719254359.3487306
1719254359.5617583
1719254359.728428
1719254359.908109
----------
1719254380.2199
1719254380.3715568
1719254380.5436106
1719254380.765057
1719254380.9237497
1719254381.0852118
1719254381.277528
1719254381.4060535
1719254381.5808637
1719254381.7275488
1719254381.894559
1719254382.0425122
1719254382.1927705
1719254382.3381586
----------
1719254387.9832234
1719254388.1323202
1719254388.3012002
1719254388.4463925
1719254388.5778542
1719254388.7250865
1719254388.8542125
1719254389.0784886
1719254389.2183707
1719254389.3447442
1719254389.523034
1719254389.648323
1719254389.7806175
1719254389.907855
1719254390.030025
1719254390.191325
----------
1719254394.422285
1719254394.554769
1719254394.682367
1719254394.8660727
----------
1719254397.9560025
1719254398.098678
1719254398.284601
1719254398.4504294
1719254398.5726192
1719254398.7370203
1719254398.9033148
1719254399.0272233
1719254399.1631703
1719254399.2931476
1719254399.4502604
1719254399.6159804
1719254399.7489016
1719254399.9867232
----------
1719254408.0964174
1719254408.2672496
1719254408.425119
1719254408.558137
1719254408.6803102
1719254408.8793
1719254409.0240116
1719254409.1544955
1719254409.3307066
1719254409.5306995
1719254409.6999252
----------
1719254416.1283755
1719254416.3050783
----------
1719254418.5212052
1719254418.7004066
1719254418.839572
1719254418.9875002
1719254419.1352172
1719254419.299287
1719254419.4515867
1719254419.6186106
1719254419.7459822
1719254419.8878124
1719254420.0347717
----------
1719254423.8618104
1719254423.991865
1719254424.150694
1719254424.3058395
----------
1719254429.2166724
1719254429.3727832
1719254429.5758219
1719254429.7277272
----------
1719254437.8196251
1719254437.996639
1719254438.1326036
1719254438.2670226
1719254438.5257387
1719254438.7273576
----------
1719254443.150666
1719254443.320138
1719254443.5387495
1719254443.6680245
1719254443.825227
1719254443.952609
----------
1719254458.7302687
1719254458.8873158
----------
1719254465.7288532
1719254465.9113636
1719254466.037849
----------
1719254470.3253624
1719254470.5303833
1719254470.6629267
1719254470.7852187
----------
1719254475.900446
1719254476.0433855
1719254476.2162156
1719254476.3384838
1719254476.540162
1719254476.7167141
1719254476.904875
1719254477.0376525
1719254477.1774015
1719254477.3021207
1719254477.5343068
1719254477.7071383
----------
1719254482.025897
1719254482.1714468
1719254482.3363447
1719254482.5427053
1719254482.7292721
1719254482.8891728
1719254483.028843
1719254483.1766143
1719254483.3224084
1719254483.5483928
1719254483.6729581
1719254483.7955196
1719254483.9269624
----------
1719254488.0272195
1719254488.1905224
1719254488.3344984
1719254488.529464
----------
1719254496.1272616
1719254496.3042378
1719254496.556882
1719254496.7044675
1719254496.8427453
1719254496.9966455
1719254497.1221712
1719254497.24433
1719254497.3790708
----------
1719254502.6242967
1719254502.779019
1719254502.9072812
1719254503.0786505
1719254503.2500272
----------
1719254508.509544
1719254508.7011712
1719254508.8307712
----------
1719254514.8790455
1719254515.0200496
1719254515.1448255
1719254515.3017943
1719254515.4685166
----------
1719254520.819711
1719254520.9750917
1719254521.10269
----------
1719254531.7050738
1719254531.8505776
1719254531.9728131
1719254532.1253154
1719254532.2768815
1719254532.419581
1719254532.544941
1719254532.7069168
1719254532.838169
1719254532.9760911
----------
1719254537.693043
1719254537.8253214
1719254537.9553742
1719254538.0880556
1719254538.2216568
1719254538.3577762
1719254538.4886842
----------
1719254546.7751033
1719254546.9103844
----------
1719254550.6998773
1719254550.8498118
1719254551.010682
1719254551.1557975
1719254551.296077
1719254551.5001707
----------
1719254556.212355
1719254556.3725832
1719254556.566315
----------
1719254564.111537
1719254564.3108828
1719254564.448086
1719254564.570309
1719254564.7158518
1719254564.8447995
1719254564.994023
1719254565.126448
1719254565.30369
1719254565.4554522
1719254565.6185164
----------
1719254569.9802206
1719254570.113464
1719254570.3214998
1719254570.5078738
1719254570.6693296
1719254570.865851
1719254571.0630968
1719254571.2277935
----------
1719254575.87672
1719254576.0264745
1719254576.2537496
1719254576.3962808
1719254576.6085641
----------
1719254582.1336522
1719254582.291138
1719254582.4224694
1719254582.5446758
1719254582.7309144
----------
