1719254354.8977933
1719254355.420396
1719254355.9429693
1719254356.4656274
1719254356.988135
1719254357.5107245
1719254358.0332775
1719254358.5559711
1719254359.0785666
1719254359.6012025
----------
1719254379.9772675
1719254380.4998252
1719254381.0224302
1719254381.5468106
1719254382.0692787
----------
1719254387.4838786
1719254388.006537
1719254388.5291364
1719254389.051722
1719254389.5743926
----------
1719254394.2055612
----------
1719254397.7530158
1719254398.2768505
1719254398.7998521
1719254399.3224258
----------
1719254407.7268386
1719254408.2493522
1719254408.7724361
1719254409.2949748
1719254409.817716
----------
1719254415.858977
----------
1719254418.3388433
1719254418.8614204
1719254419.384001
----------
1719254423.659577
----------
1719254428.9332962
1719254429.456012
----------
1719254437.3395064
1719254437.8620133
----------
1719254442.8062274
1719254443.3287826
----------
1719254458.461505
----------
1719254465.4069972
----------
1719254475.6865685
1719254476.2090795
1719254476.7312627
----------
1719254481.6245403
1719254482.1471498
1719254482.6697593
1719254483.1924188
----------
1719254487.7817175
----------
1719254495.8940542
1719254496.416599
1719254496.939181
----------
1719254502.4506338
1719254502.9732828
----------
1719254508.181654
----------
1719254514.6234815
----------
1719254520.6233544
----------
1719254531.4224772
1719254531.9450123
1719254532.467128
----------
1719254537.4686828
1719254537.9911466
----------
1719254550.3744946
----------
1719254555.9168863
----------
1719254563.8173804
1719254564.3399842
1719254564.8636382
----------
1719254569.8565793
1719254570.3788762
1719254570.9013896
----------
1719254575.361805
1719254575.8844125
----------
1719254581.938268
----------
