1719254355.618763
1719254356.1413429
1719254356.6639116
1719254357.1865022
1719254357.709049
1719254358.231241
1719254358.7538218
1719254359.2764015
1719254359.7989767
1719254360.3215044
----------
1719254380.6142182
1719254381.1367562
1719254381.6591241
1719254382.1816845
1719254382.7042718
----------
1719254388.0673048
1719254388.5898817
1719254389.1124785
1719254389.6351867
1719254390.1577346
----------
1719254398.025599
1719254398.5482183
1719254399.0714066
1719254399.594082
----------
1719254408.0535328
1719254408.5761724
1719254409.0987556
1719254409.632901
----------
1719254418.5547986
1719254419.0773785
1719254419.599947
1719254420.1227882
----------
1719254443.078879
1719254443.607832
----------
1719254470.6032968
1719254471.1490288
1719254471.723572
----------
1719254476.0086994
1719254476.542732
1719254477.0652835
1719254477.587828
----------
1719254482.0474594
1719254482.5787435
1719254483.101278
1719254483.6320045
----------
1719254496.0363278
1719254496.5589528
1719254497.0815513
1719254497.6094658
----------
1719254531.5445938
1719254532.0672133
1719254532.589731
1719254533.1118202
1719254533.6610146
----------
1719254538.0305645
1719254538.5678926
----------
1719254546.8033109
1719254547.3260455
----------
1719254564.068322
1719254564.5949285
1719254565.1175246
----------
1719254570.0492237
1719254570.5717525
1719254571.0943253
----------
1719254576.0888922
1719254576.6163414
----------
