1719351295.3280294
1719351295.5502777
1719351295.77247
1719351295.994617
1719351296.2168605
1719351296.4395463
1719351296.6618543
1719351296.8868723
1719351297.1089602
1719351297.3312337
1719351297.5535038
1719351297.775703
1719351297.9979384
1719351298.2201383
1719351298.442389
1719351298.6646984
1719351298.887111
1719351299.1094024
----------
1719351302.864652
1719351303.087035
1719351303.309244
1719351303.5315022
1719351303.753835
1719351303.976137
1719351304.1983938
1719351304.4207675
1719351304.6438725
1719351304.8661022
1719351305.0883427
1719351305.3105989
1719351305.53284
1719351305.754856
1719351305.9769766
1719351306.1991704
1719351306.4214375
1719351306.6436958
1719351306.8658485
1719351307.088073
1719351307.3104377
1719351307.5326748
1719351307.7550473
1719351307.9773517
1719351308.1995747
1719351308.421908
1719351308.6442163
1719351308.8664827
1719351309.0887225
1719351309.311017
1719351309.5333679
1719351309.75566
1719351309.9778438
1719351310.20001
1719351310.4222314
1719351310.6444361
1719351310.8666728
1719351311.0890102
1719351311.311266
1719351311.5335135
1719351311.7558022
1719351311.9780564
1719351312.2003248
1719351312.4226716
1719351312.6449556
1719351312.867215
1719351313.0895264
1719351313.3117876
1719351313.5340173
1719351313.7562273
1719351313.9784997
1719351314.200744
1719351314.4229975
1719351314.6451948
1719351314.867459
1719351315.089726
1719351315.3119786
1719351315.5341973
1719351315.7563953
1719351315.978572
1719351316.2008696
1719351316.4230888
1719351316.6453347
1719351316.8675518
----------
1719351337.7648246
1719351337.9871008
1719351338.2093453
1719351338.4316452
1719351338.6538954
1719351338.8759527
1719351339.098187
----------
1719351346.0378149
1719351346.2602448
----------
1719351351.7964587
1719351352.018705
1719351352.2409678
1719351352.463309
1719351352.6856325
1719351352.9079185
1719351353.1301622
1719351353.3524036
----------
1719351358.9110663
1719351359.133277
1719351359.3555176
----------
1719351363.9933136
1719351364.216713
1719351364.439037
1719351364.6612535
1719351364.8835104
1719351365.1057553
1719351365.3280077
1719351365.5502634
1719351365.7725217
1719351365.994741
----------
1719351369.9993086
1719351370.2216167
1719351370.4458954
1719351370.6682386
1719351370.8905232
1719351371.1126876
1719351371.3349376
1719351371.557209
----------
1719351380.0730774
1719351380.2953186
1719351380.5186486
1719351380.7408571
1719351380.9630742
1719351381.1852672
1719351381.4080818
----------
1719351386.8579986
1719351387.0802162
1719351387.3025377
1719351387.5247731
1719351387.7470329
1719351387.9693134
1719351388.1915336
1719351388.4138262
1719351388.6360476
1719351388.8582942
1719351389.0806277
1719351389.3028274
----------
1719351394.4779248
1719351394.700141
1719351394.9223695
1719351395.1446247
1719351395.366866
1719351395.589024
1719351395.811236
1719351396.0336137
1719351396.2558901
1719351396.47818
1719351396.7003999
1719351396.9227474
1719351397.1449628
1719351397.3672554
1719351397.589474
1719351397.811685
1719351398.0340283
1719351398.256316
----------
1719351402.1622343
1719351402.3844972
1719351402.6067498
1719351402.8289254
1719351403.0511873
1719351403.2734094
1719351403.4956803
1719351403.7184675
1719351403.9406765
1719351404.162887
1719351404.3856452
1719351404.607971
1719351404.8301787
1719351405.0525296
1719351405.2747135
1719351405.4977102
----------
1719351409.576219
1719351409.7984986
----------
1719351414.2939048
1719351414.517563
1719351414.7398052
1719351414.9620075
1719351415.184263
1719351415.406581
1719351415.628763
1719351415.8510196
1719351416.0732126
1719351416.2954104
1719351416.517603
1719351416.739943
1719351416.9621296
1719351417.1844375
----------
1719351421.5725214
1719351421.7947657
1719351422.0170166
1719351422.23925
1719351422.4614375
1719351422.683745
1719351422.9060102
1719351423.1282537
1719351423.3504694
1719351423.5726566
1719351423.7949874
1719351424.017241
1719351424.2394373
1719351424.461663
1719351424.6838882
1719351424.9060445
1719351425.1282609
1719351425.3504739
1719351425.5726602
----------
1719351429.3832033
1719351429.606651
1719351429.828858
1719351430.051064
1719351430.273375
1719351430.4955661
1719351430.717751
1719351430.9399686
1719351431.1622212
1719351431.3843718
1719351431.6065502
1719351431.8287358
1719351432.0517225
1719351432.2739756
----------
1719351440.8978395
1719351441.1201465
1719351441.342431
----------
1719351446.8095737
1719351447.0318675
1719351447.2540288
1719351447.4762704
1719351447.6985412
----------
1719351453.3314455
1719351453.553657
1719351453.775893
1719351453.998079
1719351454.220374
1719351454.444792
----------
1719351500.0478275
1719351500.27009
1719351500.4923022
1719351500.7147143
1719351500.9369454
1719351501.1591918
1719351501.3814504
----------
1719351505.4830356
1719351505.7052836
1719351505.9275215
1719351506.1498048
1719351506.3720477
1719351506.5943136
1719351506.816585
1719351507.038785
1719351507.2610145
1719351507.4832678
1719351507.7054763
1719351507.9276729
1719351508.1499372
1719351508.3721852
1719351508.5943794
1719351508.8165925
1719351509.0388696
----------
1719351513.229829
1719351513.4521499
1719351513.6744018
1719351513.896642
1719351514.118859
1719351514.3410137
1719351514.563352
1719351514.7855608
1719351515.00776
1719351515.2299705
1719351515.4521961
1719351515.6753218
1719351515.8974876
1719351516.119683
1719351516.3418295
----------
1719351520.5454285
1719351520.767655
1719351520.989871
----------
1719351525.6863747
1719351525.9086838
1719351526.130889
1719351526.353057
1719351526.575326
1719351526.7975266
1719351527.0198152
1719351527.2420483
1719351527.4642942
1719351527.6865652
1719351527.9087963
1719351528.1309998
1719351528.3532646
1719351528.5764587
1719351528.7987225
----------
1719351533.3812745
1719351533.6035812
1719351533.825785
1719351534.0480404
1719351534.2706988
1719351534.4929082
1719351534.715722
1719351534.9379008
1719351535.1600842
1719351535.3823216
1719351535.6046362
1719351535.8269134
1719351536.0491972
1719351536.2714915
1719351536.4937348
1719351536.7159545
1719351536.938148
----------
1719351541.3880458
1719351541.611399
1719351541.8337116
1719351542.055921
1719351542.278133
1719351542.500364
1719351542.7225802
1719351542.944769
1719351543.1670012
1719351543.3891842
1719351543.6113794
1719351543.8344965
1719351544.0567265
1719351544.2790139
1719351544.5014906
1719351544.723802
----------
1719351549.12658
1719351549.3503
1719351549.5728376
1719351549.7950664
1719351550.0174308
1719351550.2401166
1719351550.4623764
1719351550.6845765
1719351550.9067464
1719351551.1290834
1719351551.3511863
1719351551.573424
1719351551.7956712
1719351552.0178726
1719351552.240179
1719351552.4624846
1719351552.6846356
1719351552.9069855
1719351553.129236
----------
1719351557.69734
1719351557.919828
1719351558.1420155
1719351558.3642569
1719351558.5864642
1719351558.8088124
1719351559.0310006
----------
1719351563.0168676
1719351563.239151
1719351563.4613883
1719351563.6836689
1719351563.905965
1719351564.1282198
1719351564.3504188
1719351564.574202
1719351564.7964556
1719351565.0192285
1719351565.241437
1719351565.4636323
1719351565.6858811
1719351565.9080634
1719351566.130243
1719351566.3524637
1719351566.574659
----------
1719351570.5571792
1719351570.7794647
1719351571.0017138
1719351571.2240767
1719351571.4464326
1719351571.6685984
1719351571.8908608
1719351572.1129973
1719351572.3351772
1719351572.5574265
1719351572.7797136
1719351573.0019608
1719351573.224257
1719351573.4467008
1719351573.6689718
1719351573.891173
1719351574.1133735
1719351574.3355904
1719351574.5577695
1719351574.7799587
1719351575.0021842
1719351575.2244656
1719351575.4466782
1719351575.6689239
1719351575.891118
1719351576.113305
1719351576.335559
1719351576.55783
1719351576.7799933
----------
1719351580.6890297
1719351580.9118726
1719351581.1340857
1719351581.356272
1719351581.578495
1719351581.8006525
----------
1719351586.1189923
1719351586.341032
1719351586.5642803
1719351586.7865028
1719351587.0087597
1719351587.2309387
1719351587.4532022
1719351587.6754353
1719351587.8976765
1719351588.1199005
1719351588.3420851
1719351588.5643134
1719351588.7866178
1719351589.0088634
1719351589.2310836
1719351589.4532912
1719351589.6754696
1719351589.8977308
1719351590.1200082
1719351590.3422792
1719351590.5645287
----------
1719351594.862909
1719351595.084956
1719351595.3071618
1719351595.5291786
1719351595.7514982
1719351595.9736745
1719351596.1958833
1719351596.4181318
1719351596.640333
1719351596.862496
1719351597.0846808
1719351597.3068855
1719351597.5289707
1719351597.7512197
1719351597.973682
1719351598.1959057
1719351598.418108
1719351598.6402996
1719351598.8625124
1719351599.0847278
1719351599.3069673
----------
1719351603.7761085
1719351603.998569
1719351604.2208314
1719351604.4431317
1719351604.665342
1719351604.8875988
1719351605.109812
1719351605.3320103
1719351605.5542157
1719351605.776417
1719351605.9986627
1719351606.2213945
1719351606.4436405
1719351606.665803
1719351606.8880067
----------
1719351610.9338183
1719351611.1560984
1719351611.3784153
1719351611.6006181
1719351611.8228085
----------
1719351616.289892
1719351616.5121052
1719351616.7342753
1719351616.9564736
1719351617.1787717
1719351617.4009051
1719351617.6236608
1719351617.846017
1719351618.0682273
1719351618.2904713
1719351618.512652
1719351618.734893
1719351618.9569666
1719351619.1794744
1719351619.4030085
1719351619.625239
1719351619.847516
1719351620.0697162
1719351620.2918954
1719351620.5141702
1719351620.7363415
1719351620.9585845
1719351621.1807566
1719351621.4030535
1719351621.6253543
1719351621.8486753
1719351622.0709326
1719351622.2929935
----------
1719351626.1690683
1719351626.3919842
1719351626.614329
1719351626.8365285
1719351627.0587676
1719351627.280947
1719351627.5031936
1719351627.7253788
1719351627.9475794
1719351628.1697943
1719351628.3920767
1719351628.6142435
1719351628.8364546
1719351629.058662
1719351629.2808607
1719351629.5030322
1719351629.7253942
1719351629.9475503
1719351630.1697733
----------
1719351634.2760522
1719351634.498228
1719351634.720406
1719351634.9425986
1719351635.1648018
1719351635.3869662
1719351635.6092854
1719351635.831528
1719351636.0537302
1719351636.27596
1719351636.4981713
1719351636.7204053
1719351636.94258
1719351637.164844
1719351637.3870573
1719351637.6092892
1719351637.8315876
1719351638.0537577
1719351638.275939
----------
1719351642.231524
1719351642.4537842
1719351642.6760073
1719351642.8982441
----------
1719351647.0548205
1719351647.2769265
1719351647.49914
1719351647.721452
1719351647.9437127
1719351648.1660066
1719351648.3882313
1719351648.610414
1719351648.832667
1719351649.054935
1719351649.2771833
1719351649.4993634
1719351649.7215464
1719351649.9437199
1719351650.1659822
1719351650.388216
1719351650.611311
1719351650.8347182
----------
1719351654.7457237
1719351654.967779
1719351655.19004
1719351655.4123764
1719351655.6345978
1719351655.8568175
1719351656.0790699
1719351656.3012428
1719351656.5234206
1719351656.7456255
1719351656.9678605
1719351657.190104
1719351657.4123373
1719351657.63462
1719351657.856878
1719351658.0791028
----------
1719351662.2293177
1719351662.4515765
1719351662.6737294
1719351662.8959894
1719351663.1182382
1719351663.3404367
1719351663.5626352
----------
1719351667.6390202
1719351667.8612182
1719351668.0833755
1719351668.3056867
1719351668.5279038
1719351668.7501671
1719351668.972337
1719351669.1945424
1719351669.416766
1719351669.6391046
1719351669.861291
1719351670.0852969
1719351670.3074572
1719351670.52962
----------
1719351674.7771385
1719351674.999733
1719351675.2241192
1719351675.446308
1719351675.6684842
1719351675.8907495
1719351676.1129622
1719351676.335157
1719351676.5574334
1719351676.7797089
1719351677.0019054
1719351677.2241948
1719351677.4463668
1719351677.668533
1719351677.890744
1719351678.1129088
1719351678.3351405
1719351678.5573726
1719351678.7796354
----------
1719351683.992101
1719351684.215269
1719351684.4375467
1719351684.6597898
1719351684.8819518
1719351685.1042376
1719351685.3264456
1719351685.5486891
1719351685.7709239
1719351685.9930062
1719351686.2153049
----------
1719351690.7277217
1719351690.9499338
1719351691.1721451
1719351691.3943512
1719351691.616551
1719351691.8387392
1719351692.0612526
1719351692.283472
1719351692.5057583
1719351692.7279563
1719351692.9501877
1719351693.1730216
1719351693.3951771
1719351693.6184785
1719351693.8406854
1719351694.0628848
----------
1719351698.444471
----------
1719351702.5816815
1719351702.8038373
1719351703.0260484
1719351703.2482882
1719351703.470471
1719351703.6926608
1719351703.9149616
1719351704.1371517
1719351704.3593764
1719351704.5815253
1719351704.8037255
1719351705.025943
1719351705.2484179
----------
1719351709.2804546
1719351709.5027952
1719351709.7261493
1719351709.9483387
1719351710.170611
1719351710.3931453
1719351710.6153593
1719351710.8375533
1719351711.059753
1719351711.2819607
1719351711.504147
1719351711.726397
1719351711.9486532
----------
1719351718.241521
1719351718.463713
1719351718.6859264
1719351718.9081166
1719351719.1303675
1719351719.352609
1719351719.5748117
1719351719.7969332
1719351720.0191498
1719351720.241454
1719351720.4636726
1719351720.6858866
1719351720.9081395
1719351721.1303039
1719351721.3525257
1719351721.5746963
----------
1719351725.9824786
1719351726.20624
1719351726.4284747
1719351726.6506906
1719351726.8728724
1719351727.0950634
1719351727.3172767
1719351727.5394812
1719351727.76167
1719351727.9839349
1719351728.207065
1719351728.4301193
1719351728.6522925
1719351728.8751018
----------
1719351737.646042
1719351737.868247
1719351738.0904825
1719351738.312688
1719351738.534932
1719351738.757241
----------
1719351743.3824027
1719351743.6045823
1719351743.8274808
1719351744.0507452
1719351744.2730281
1719351744.4952292
1719351744.7174144
1719351744.939729
1719351745.161883
----------
1719351749.3242733
1719351749.5464797
1719351749.7687101
1719351749.990921
1719351750.2130127
1719351750.4352655
1719351750.6575565
1719351750.8798158
1719351751.1021578
1719351751.324428
1719351751.5466526
1719351751.7689626
----------
1719351755.6836307
----------
1719351760.1857388
1719351760.4079428
1719351760.6310527
1719351760.8532083
1719351761.0754244
1719351761.2978444
1719351761.5200825
1719351761.7422426
1719351761.9644277
1719351762.1866226
----------
1719351766.9907722
1719351767.213128
1719351767.435301
1719351767.6575592
1719351767.8797443
1719351768.1019578
1719351768.32396
1719351768.5461097
----------
1719351772.8900852
1719351773.1123428
1719351773.3345587
1719351773.5567899
1719351773.7789745
1719351774.0011656
1719351774.2233949
1719351774.4456089
1719351774.668845
1719351774.891155
----------
1719351779.4572096
1719351779.679393
1719351779.9016345
1719351780.1238132
1719351780.3460002
1719351780.5681572
1719351780.7903767
1719351781.0126274
1719351781.2348647
1719351781.4570155
1719351781.6791747
1719351781.9013598
1719351782.123644
1719351782.3458095
1719351782.5679772
1719351782.7900248
1719351783.0122406
1719351783.236149
1719351783.4583867
1719351783.6806023
1719351783.9028108
1719351784.1249168
1719351784.3470783
1719351784.5692708
1719351784.791514
1719351785.013737
1719351785.235942
1719351785.4581208
----------
1719351790.0121608
1719351790.2343194
1719351790.456565
1719351790.6787844
----------
1719351795.2091062
1719351795.4312944
1719351795.6534839
1719351795.8758047
1719351796.0980253
1719351796.3203526
1719351796.5425334
1719351796.7647393
1719351796.9869025
1719351797.208898
1719351797.431141
1719351797.653431
1719351797.8756788
1719351798.097876
----------
1719351802.9100158
1719351803.1322715
1719351803.3544304
1719351803.5766294
1719351803.798789
1719351804.0209496
1719351804.2431479
1719351804.4671147
1719351804.6893313
1719351804.9117165
1719351805.1339192
1719351805.356142
1719351805.5783083
1719351805.8007
1719351806.0229752
1719351806.2451775
1719351806.467926
1719351806.690155
1719351806.9123607
1719351807.134569
1719351807.3568716
1719351807.5790343
1719351807.801215
1719351808.023632
1719351808.2458234
----------
1719351812.5971966
1719351812.81938
1719351813.0420659
1719351813.2642596
1719351813.486461
1719351813.708716
1719351813.93093
1719351814.152965
1719351814.3751998
1719351814.5979574
1719351814.8201122
1719351815.0423367
1719351815.2645257
1719351815.4867742
1719351815.7089431
1719351815.932229
1719351816.1543932
1719351816.376567
----------
1719351820.916631
1719351821.1388705
1719351821.3609676
1719351821.5831413
1719351821.8053594
1719351822.0275893
1719351822.249755
1719351822.472011
1719351822.6943147
1719351822.9165337
1719351823.1387348
1719351823.3616123
1719351823.5838995
1719351823.8061128
1719351824.028344
1719351824.2505317
1719351824.4728007
1719351824.695001
----------
1719351829.2541735
1719351829.4763715
1719351829.698566
1719351829.9208858
----------
1719351834.5532687
1719351834.7754452
1719351834.9976072
1719351835.2198114
1719351835.4423935
1719351835.664552
1719351835.886773
1719351836.1089034
1719351836.3314624
1719351836.5537953
1719351836.7760224
1719351836.9991157
1719351837.221356
1719351837.4435894
1719351837.665784
1719351837.8880558
1719351838.1102986
1719351838.3325374
1719351838.5547194
----------
1719351844.0333178
1719351844.2555168
1719351844.477672
1719351844.699856
1719351844.9220505
1719351845.1442673
1719351845.3665588
1719351845.5887227
1719351845.8109384
1719351846.0348392
1719351846.2569547
1719351846.4791179
1719351846.7013917
1719351846.923579
1719351847.1457176
1719351847.368123
1719351847.5902896
1719351847.8125043
1719351848.0347323
----------
1719351852.072541
1719351852.2948127
1719351852.516997
1719351852.7391737
1719351852.9613254
1719351853.1834712
1719351853.405659
1719351853.6280198
1719351853.850242
1719351854.0724192
1719351854.2946532
1719351854.5168703
1719351854.739065
1719351854.9612598
1719351855.1834543
1719351855.4056823
1719351855.6279206
----------
1719351859.711432
1719351859.933584
1719351860.1558824
1719351860.3780818
1719351860.6002488
1719351860.8224244
1719351861.044631
1719351861.2668195
1719351861.4889045
1719351861.7112134
1719351861.9334047
1719351862.15557
1719351862.3777297
1719351862.5999775
1719351862.8229375
1719351863.0451212
1719351863.26733
1719351863.4895945
1719351863.7118351
1719351863.9340534
1719351864.156297
----------
1719351871.8057334
1719351872.0279655
1719351872.2501135
1719351872.4722755
1719351872.6944695
1719351872.9166727
1719351873.1389003
1719351873.3609815
1719351873.5831845
1719351873.8057597
1719351874.0279484
----------
1719351880.6792498
1719351880.901445
1719351881.123583
1719351881.34587
1719351881.5679698
1719351881.7901218
1719351882.0123527
1719351882.2345157
1719351882.456729
1719351882.6789727
----------
1719351886.959862
1719351887.1820493
1719351887.4042022
1719351887.626437
1719351887.8487208
1719351888.0708869
1719351888.2929065
1719351888.5151553
1719351888.7373233
----------
1719351894.197978
1719351894.4201949
1719351894.6423845
1719351894.8646138
1719351895.0868044
1719351895.308897
1719351895.5310557
1719351895.7532601
----------
1719351899.8697827
1719351900.0919888
1719351900.314183
1719351900.5365627
1719351900.7599633
1719351900.982114
1719351901.2043126
1719351901.426672
1719351901.6490557
----------
1719351905.96672
1719351906.1889505
1719351906.411413
1719351906.6336465
1719351906.856201
1719351907.07841
1719351907.3006392
1719351907.5228698
----------
1719351914.0202513
1719351914.2425
1719351914.4646614
1719351914.686891
1719351914.909087
1719351915.131329
1719351915.3535435
1719351915.576492
1719351915.799612
1719351916.0218384
1719351916.2440717
1719351916.4662693
1719351916.688426
1719351916.910638
1719351917.1328552
1719351917.3550177
1719351917.577267
1719351917.7994423
1719351918.0216281
1719351918.243923
1719351918.46617
1719351918.6883492
----------
1719351923.2535326
1719351923.475721
1719351923.697957
----------
1719351928.2912693
1719351928.513476
1719351928.735716
1719351928.957986
1719351929.1802235
1719351929.402407
1719351929.6246383
1719351929.846799
1719351930.0689468
1719351930.2911608
1719351930.5133796
1719351930.7355382
1719351930.9585433
1719351931.1807358
1719351931.4029021
1719351931.6249394
----------
1719351936.4292321
1719351936.6514807
1719351936.873732
1719351937.0959086
1719351937.3180916
1719351937.5403183
1719351937.7625453
1719351937.984755
1719351938.2069376
1719351938.429752
1719351938.652014
1719351938.874226
1719351939.0964358
----------
1719351943.453333
1719351943.6755288
1719351943.897811
1719351944.1200538
1719351944.3422031
1719351944.5644708
----------
1719351948.7765164
1719351948.9987135
1719351949.2214522
----------
1719351953.353931
1719351953.5760975
1719351953.7982812
1719351954.0205112
1719351954.2431014
1719351954.465383
1719351954.6875753
1719351954.9107926
1719351955.1330044
1719351955.3560083
----------
1719351959.6635573
1719351959.885789
1719351960.1080272
1719351960.3303099
1719351960.552566
1719351960.7748318
----------
1719351972.8810267
1719351973.1032124
1719351973.325418
1719351973.5475836
1719351973.7697985
1719351973.9920158
----------
1719351979.5401077
1719351979.7623606
1719351979.9846096
1719351980.2069106
1719351980.428979
1719351980.6511397
1719351980.8733668
1719351981.0955596
----------
1719351985.1639197
----------
1719351992.2586293
1719351992.480801
1719351992.7030447
1719351992.9251966
1719351993.1479652
----------
1719351998.8333921
1719351999.055631
1719351999.277908
1719351999.5006974
----------
1719352005.0346398
1719352005.256886
----------
1719352010.901484
1719352011.1237366
1719352011.3459811
1719352011.568242
1719352011.7904332
1719352012.012624
1719352012.2348459
1719352012.4569309
1719352012.6791282
1719352012.9013107
----------
1719352018.4693208
1719352018.6915207
----------
1719352029.4547575
1719352029.678146
1719352029.9003265
1719352030.1225314
1719352030.3447685
1719352030.566992
----------
1719352036.0460668
1719352036.2682652
1719352036.490555
1719352036.712826
1719352036.9349604
1719352037.1571443
1719352037.379366
1719352037.6015651
1719352037.823813
1719352038.0469003
1719352038.2689748
1719352038.491247
1719352038.7135217
1719352038.9360561
----------
1719352046.552326
1719352046.77459
1719352046.9967966
1719352047.2196875
1719352047.4419272
1719352047.6640847
1719352047.8862543
1719352048.1084821
1719352048.3306623
1719352048.5528605
1719352048.7749653
1719352048.9971416
1719352049.2193081
1719352049.4415348
1719352049.6636937
1719352049.8865118
1719352050.1087325
1719352050.3309233
1719352050.5528893
1719352050.7751105
1719352050.9973018
1719352051.219481
----------
1719352059.967242
1719352060.1894584
1719352060.4116695
1719352060.6339676
1719352060.856143
1719352061.0784469
1719352061.3006227
1719352061.5228162
1719352061.7449563
1719352061.9671097
1719352062.1892643
----------
1719352066.4895458
1719352066.7117264
1719352066.9338918
1719352067.1564848
1719352067.3786883
----------
1719352071.2063978
1719352071.4296777
1719352071.6518698
1719352071.8747675
1719352072.0969412
1719352072.3191023
1719352072.541269
1719352072.763305
1719352072.9854648
1719352073.2077224
1719352073.4299598
1719352073.6521628
1719352073.8743634
1719352074.0965283
----------
1719352078.6088579
----------
1719352083.3774765
1719352083.5997798
1719352083.821987
1719352084.0441685
1719352084.2663915
1719352084.4886236
1719352084.7108655
1719352084.9338393
1719352085.156033
1719352085.3782198
1719352085.6005635
1719352085.8227699
1719352086.045483
1719352086.2676754
1719352086.4898164
1719352086.7119834
----------
1719352090.7924988
1719352091.0147526
1719352091.2369177
1719352091.459162
1719352091.6813312
1719352091.9035237
1719352092.125693
1719352092.348491
1719352092.5707643
1719352092.7931917
1719352093.01541
1719352093.237601
1719352093.4598675
----------
