1719351267.2632496
1719351271.5110412
1719351271.627013
1719351276.4756093
1719351277.0794015
1719351281.6653252
1719351281.6653876
1719351283.4819744
1719351283.6282265
1719351286.8917239
1719351291.775741
1719351292.2510653
1719351292.590545
1719351296.1350322
1719351296.1352384
1719351296.1356328
1719351296.1362467
1719351296.136497
1719351296.1370366
1719351296.1426563
1719351296.1437023
1719351296.296441
1719351296.2983644
1719351296.3033164
1719351296.3048577
1719351296.5113964
1719351296.5214336
1719351296.524204
1719351296.5245094
1719351296.7324917
1719351296.7328088
1719351296.7344658
1719351296.7381742
1719351296.9188168
1719351296.9188838
1719351296.9189498
1719351296.9244542
1719351297.124453
1719351297.1252856
1719351297.1321042
1719351297.1338298
1719351297.3392744
1719351297.339858
1719351297.3464499
1719351297.3481908
1719351297.5288332
1719351297.5333881
1719351297.5337386
1719351297.5359147
1719351297.842023
1719351297.8435676
1719351297.8443654
1719351297.8523395
1719351298.0185466
1719351298.0377629
1719351298.0431442
1719351298.0439835
1719351298.0442977
1719351298.1499429
1719351298.1500976
1719351298.1507087
1719351298.154322
1719351298.284611
1719351298.2914834
1719351298.2916071
1719351298.4029777
1719351298.5148137
1719351298.5155065
1719351298.59996
1719351298.6014743
1719351298.794164
1719351298.7953448
1719351298.7956572
1719351298.7983277
1719351298.9917912
1719351298.9932714
1719351298.9934716
1719351299.0013578
1719351299.3858685
1719351299.3863578
1719351299.3917353
1719351299.3923976
1719351303.3953595
1719351303.4199798
1719351303.4206681
1719351303.4210863
1719351303.4265308
1719351303.6910262
1719351303.8020358
1719351303.8026507
1719351303.804019
1719351304.0086308
1719351304.01339
1719351304.015481
1719351304.0170536
1719351304.1887112
1719351304.1890986
1719351304.1901488
1719351304.1965141
1719351304.3918939
1719351304.3979943
1719351304.3982081
1719351304.403571
1719351304.523772
1719351304.5238912
1719351304.5244315
1719351304.6259935
1719351304.7336206
1719351304.7340188
1719351304.8251288
1719351304.8262465
1719351305.0364985
1719351305.04152
1719351305.0420322
1719351305.0424051
1719351305.2095945
1719351305.2099233
1719351305.2145436
1719351305.2173657
1719351305.2174594
1719351305.320981
1719351305.3210788
1719351305.3292768
1719351305.4450278
1719351305.4491413
1719351305.4497354
1719351305.4548976
1719351305.682095
1719351305.6842077
1719351305.6928263
1719351305.69517
1719351305.9512315
1719351305.960207
1719351305.9602225
1719351305.9611988
1719351306.0734239
1719351306.1799726
1719351306.1831567
1719351306.1853423
1719351306.3352184
1719351306.3381348
1719351306.338646
1719351306.3404853
1719351306.5413136
1719351306.5414605
1719351306.5414982
1719351306.5416033
1719351306.6871233
1719351306.687571
1719351306.6929693
1719351306.8129632
1719351306.9228969
1719351306.927598
1719351306.9279425
1719351306.9288645
1719351307.1113412
1719351307.1114767
1719351307.1157134
1719351307.1165133
1719351307.2728338
1719351307.279636
1719351307.2815683
1719351307.284792
1719351307.429246
1719351307.4293778
1719351307.4301436
1719351307.4368873
1719351307.5338671
1719351307.7226696
1719351307.724543
1719351307.730462
1719351307.7305949
1719351307.8890164
1719351307.894065
1719351307.8947885
1719351307.8948364
1719351308.1872258
1719351308.1880105
1719351308.1883628
1719351308.1892536
1719351308.3291328
1719351308.330854
1719351308.3348827
1719351308.3356702
1719351308.5127017
1719351308.514159
1719351308.5142765
1719351308.5144389
1719351308.705814
1719351308.7391512
1719351308.8150957
1719351308.8166182
1719351308.8185184
1719351309.0889258
1719351309.0895624
1719351309.0952702
1719351309.0971992
1719351309.0973465
1719351309.0984254
1719351309.0985487
1719351309.1281989
1719351309.3534338
1719351309.3606246
1719351309.360974
1719351309.4538233
1719351309.454691
1719351309.4551246
1719351309.5660005
1719351309.5752714
1719351309.885839
1719351309.8918388
1719351310.2021744
1719351310.2051024
1719351310.2095027
1719351310.2095723
1719351310.3557787
1719351310.3563583
1719351310.3564572
1719351310.3565366
1719351310.3628747
1719351310.3685923
1719351310.587762
1719351310.590382
1719351310.5943348
1719351310.7586136
1719351310.7593482
1719351310.7597072
1719351310.765354
1719351310.7670205
1719351310.7687814
1719351310.7701483
1719351310.854594
1719351310.8546379
1719351310.8547215
1719351310.858852
1719351310.8591769
1719351310.8608043
1719351311.1102285
1719351311.1125698
1719351311.1126752
1719351311.1148756
1719351311.3441935
1719351311.3452122
1719351311.351023
1719351311.3512504
1719351311.53097
1719351311.5325942
1719351311.5465372
1719351311.5466335
1719351311.7255368
1719351311.7258468
1719351311.7260964
1719351311.7273982
1719351311.925285
1719351311.9266214
1719351311.930396
1719351311.934299
1719351312.075055
1719351312.0814013
1719351312.0823486
1719351312.1782565
1719351312.3129048
1719351312.3149006
1719351312.3195784
1719351312.3196366
1719351312.5135407
1719351312.5149379
1719351312.518433
1719351312.521284
1719351312.7180173
1719351312.718888
1719351312.7201462
1719351312.725125
1719351313.0083327
1719351313.0087912
1719351313.0096035
1719351313.0107923
1719351313.1422036
1719351313.1470609
1719351313.1489627
1719351313.1490295
1719351313.3145938
1719351313.3198178
1719351313.3205302
1719351313.3210206
1719351313.5120692
1719351313.5191395
1719351313.520297
1719351313.520401
1719351313.703465
1719351313.7035687
1719351313.7106845
1719351313.7116451
1719351313.8899326
1719351313.8899977
1719351313.8946848
1719351314.0152912
1719351314.018863
1719351314.1210063
1719351314.1217718
1719351314.1237094
1719351314.1309447
1719351314.430078
1719351314.4399655
1719351314.4400368
1719351314.44014
1719351314.6303358
1719351314.6306665
1719351314.6322184
1719351314.6328523
1719351314.639232
1719351314.736846
1719351314.7430842
1719351314.7456915
1719351314.8709593
1719351314.8715482
1719351314.8717637
1719351314.8778243
1719351315.0909226
1719351315.0976267
1719351315.1012092
1719351315.1051452
1719351315.3199246
1719351315.3232133
1719351315.3243363
1719351315.3266962
1719351315.590794
1719351315.5912042
1719351315.5918667
1719351315.5923944
1719351315.8322766
1719351315.8329728
1719351315.838136
1719351315.9569995
1719351315.9576719
1719351315.9588897
1719351315.9639678
1719351315.9659524
1719351316.0958052
1719351316.0960207
1719351316.1034687
1719351316.1035197
1719351316.2918816
1719351316.2945316
1719351316.2950203
1719351316.2999666
1719351316.53963
1719351316.54339
1719351316.54346
1719351316.54769
1719351316.661006
1719351316.6619747
1719351316.6626294
1719351316.7547693
1719351316.8611288
1719351316.8611727
1719351316.8661008
1719351316.867305
1719351319.525469
1719351322.7719936
1719351324.7383296
1719351329.8857071
1719351335.0885901
1719351337.9213822
1719351338.275561
1719351338.2765467
1719351338.2828672
1719351338.2834687
1719351338.4813578
1719351338.4837139
1719351338.4874017
1719351338.4875448
1719351338.693308
1719351338.6980488
1719351338.698292
1719351338.6991203
1719351338.9041915
1719351338.9047768
1719351338.911273
1719351338.9125192
1719351339.0252726
1719351339.0306385
1719351339.1420178
1719351339.149241
1719351339.3023355
1719351339.308039
1719351339.3089128
1719351339.31005
1719351340.222289
1719351345.4246395
1719351346.815286
1719351346.8163552
1719351346.8245475
1719351346.8245914
1719351350.5774615
1719351352.5638077
1719351352.570896
1719351352.5732822
1719351352.573348
1719351352.7169485
1719351352.8161423
1719351352.818719
1719351352.8236737
1719351352.941874
1719351352.9447267
1719351352.946832
1719351352.9477632
1719351353.1127553
1719351353.1174724
1719351353.1177428
1719351353.1178536
1719351353.1282215
1719351353.2396982
1719351353.328361
1719351353.3292108
1719351353.3298125
1719351353.4434078
1719351353.5351915
1719351353.5375383
1719351353.5376022
1719351353.6630008
1719351353.6650002
1719351353.6693418
1719351353.6731
1719351355.7557435
1719351359.4444106
1719351359.4463227
1719351359.4526436
1719351359.4546247
1719351359.6306977
1719351359.6379168
1719351359.6379957
1719351359.6381333
1719351359.9133494
1719351359.9150486
1719351359.915131
1719351359.9161685
1719351360.9907691
1719351364.447161
1719351364.4474053
1719351364.450543
1719351364.4505873
1719351364.6111343
1719351364.6119952
1719351364.620368
1719351364.7062206
1719351364.860944
1719351364.8654518
1719351364.865688
1719351364.8663373
1719351365.122369
1719351365.128281
1719351365.1292634
1719351365.1305642
1719351365.2985916
1719351365.3000045
1719351365.3064747
1719351365.3066611
1719351365.44158
1719351365.5501218
1719351365.5501568
1719351365.5568178
1719351365.7416859
1719351365.742289
1719351365.7487202
1719351365.7492888
1719351365.9190173
1719351365.9203067
1719351365.9210916
1719351365.9256918
1719351366.0822928
1719351366.0858572
1719351366.1816926
1719351366.1836529
1719351366.2039351
1719351366.308289
1719351366.3083215
1719351366.312942
1719351366.313432
1719351368.4760294
1719351370.556677
1719351370.5582833
1719351370.5612774
1719351370.561774
1719351370.7377074
1719351370.738909
1719351370.742743
1719351370.7434516
1719351370.8603384
1719351370.8614023
1719351370.8667388
1719351370.8670347
1719351371.1470697
1719351371.15304
1719351371.1534019
1719351371.155042
1719351371.3219273
1719351371.324188
1719351371.3243446
1719351371.3253589
1719351371.4365747
1719351371.4428422
1719351371.5727603
1719351371.5752852
1719351371.583497
1719351371.73209
1719351371.7797158
1719351371.860396
1719351376.8403137
1719351380.5906653
1719351380.5926137
1719351380.5944815
1719351380.697235
1719351380.8068058
1719351380.80813
1719351380.8082778
1719351380.8151753
1719351381.0741525
1719351381.0742314
1719351381.0778596
1719351381.0814853
1719351381.4578454
1719351381.4597096
1719351381.4634037
1719351381.466217
1719351381.6335654
1719351381.6380868
1719351381.6381512
1719351381.638255
1719351381.870436
1719351381.8753252
1719351381.8757854
1719351381.87627
1719351382.0507338
1719351383.714811
1719351387.4279804
1719351387.5695496
1719351387.5700886
1719351387.570741
1719351387.5711596
1719351387.7779684
1719351387.7783906
1719351387.7847905
1719351387.786748
1719351387.9662223
1719351387.966518
1719351387.97292
1719351387.9733725
1719351388.1001856
1719351388.1004534
1719351388.101885
1719351388.1041903
1719351388.3041608
1719351388.3049588
1719351388.3054056
1719351388.3056936
1719351388.4587297
1719351388.4589756
1719351388.4661279
1719351388.4663422
1719351388.598088
1719351388.7303944
1719351388.7313366
1719351388.7318373
1719351388.944565
1719351388.9480274
1719351388.9506133
1719351388.9509392
1719351389.1474545
1719351389.1474545
1719351389.1507316
1719351389.1526093
1719351389.293905
1719351389.2979252
1719351389.2979631
1719351389.4115577
1719351389.552981
1719351389.5535698
1719351389.554265
1719351389.559987
1719351389.9632006
1719351390.0756195
1719351390.0763676
1719351390.0781188
1719351392.6310833
1719351395.153474
1719351395.1607716
1719351395.16168
1719351395.1621964
1719351395.2695267
1719351395.3706906
1719351395.3748329
1719351395.377475
1719351395.5970402
1719351395.601971
1719351395.6030095
1719351395.6051257
1719351395.7810457
1719351395.7866192
1719351395.7878816
1719351395.7880273
1719351396.009784
1719351396.0123236
1719351396.0166204
1719351396.0175488
1719351396.1773913
1719351396.1778615
1719351396.1781683
1719351396.1831627
1719351396.3996904
1719351396.4012895
1719351396.40475
1719351396.4060137
1719351396.565885
1719351396.5662103
1719351396.566361
1719351396.5703664
1719351396.8529713
1719351396.8545942
1719351396.8548899
1719351396.9603846
1719351396.962256
1719351396.963525
1719351396.9645715
1719351396.9813085
1719351397.1332006
1719351397.1333961
1719351397.137321
1719351397.140442
1719351397.2844672
1719351397.2925675
1719351397.2926629
1719351397.2927444
1719351397.5143743
1719351397.52101
1719351397.5213552
1719351397.5243192
1719351397.6374743
1719351397.7312193
1719351397.7344267
1719351397.7394886
1719351397.914378
1719351397.916676
1719351397.9226842
1719351397.9227207
1719351397.969449
1719351398.106347
1719351398.1073678
1719351398.108044
1719351398.114182
1719351398.353574
1719351398.3596811
1719351398.3604362
1719351398.3614333
1719351398.5362859
1719351398.5437243
1719351398.5441256
1719351398.5442474
1719351398.891524
1719351398.9025092
1719351398.9045877
1719351398.9098048
1719351399.0069792
1719351402.7535968
1719351402.7600596
1719351402.7618458
1719351402.7618828
1719351403.000043
1719351403.0000918
1719351403.0006664
1719351403.0081239
1719351403.1241796
1719351403.1252608
1719351403.126162
1719351403.1285348
1719351403.3035252
1719351403.3044214
1719351403.3075542
1719351403.308246
1719351403.4173105
1719351403.5544405
1719351403.5554655
1719351403.5565505
1719351403.557149
1719351403.7148962
1719351403.7151768
1719351403.7153292
1719351403.7172756
1719351403.8845048
1719351403.8848095
1719351403.8926306
1719351403.8940217
1719351404.0866022
1719351404.0882878
1719351404.0905004
1719351404.0937638
1719351404.3005068
1719351404.3016295
1719351404.306123
1719351404.4245481
1719351404.4322057
1719351404.4336755
1719351404.5277026
1719351404.5330653
1719351404.6970575
1719351404.6989975
1719351404.6994889
1719351404.7000334
1719351404.8433132
1719351404.843888
1719351404.8441846
1719351404.854647
1719351405.092757
1719351405.0989382
1719351405.0994709
1719351405.101019
1719351405.232638
1719351405.235778
1719351405.334138
1719351405.334771
1719351405.5116546
1719351405.5156076
1719351405.5158708
1719351405.5163658
1719351405.7193139
1719351405.7201233
1719351405.7204838
1719351405.7259982
1719351405.9278712
1719351405.9287753
1719351405.933841
1719351405.933909
1719351408.7359202
1719351410.200698
1719351410.200851
1719351410.205358
1719351410.2116487
1719351410.5027323
1719351410.5027823
1719351410.502886
1719351410.509605
1719351414.0333154
1719351414.1284213
1719351414.9436948
1719351414.9438186
1719351414.9493792
1719351414.9503882
1719351415.1202962
1719351415.1211739
1719351415.121856
1719351415.1281605
1719351415.2635381
1719351415.2645223
1719351415.2673168
1719351415.2677965
1719351415.4726763
1719351415.4753754
1719351415.4794745
1719351415.4797368
1719351415.6519058
1719351415.6573129
1719351415.659231
1719351415.6600652
1719351415.886147
1719351415.888544
1719351415.8894348
1719351415.889794
1719351416.0931244
1719351416.0941792
1719351416.0953107
1719351416.0977986
1719351416.2648072
1719351416.271495
1719351416.2728448
1719351416.2729664
1719351416.4871294
1719351416.4885218
1719351416.4939892
1719351416.4949133
1719351416.7466214
1719351416.7469623
1719351416.751022
1719351416.7526636
1719351416.876734
1719351416.8822634
1719351416.883415
1719351416.8837051
1719351417.0639803
1719351417.0676305
1719351417.0721307
1719351417.0724292
1719351417.2854602
1719351417.2855725
1719351417.291489
1719351417.2928426
1719351417.4239054
1719351417.5349352
1719351417.5431793
1719351417.5449264
1719351417.9533312
1719351417.9599621
1719351417.960528
1719351417.9608
1719351419.2264051
1719351422.0891752
1719351422.0899453
1719351422.0916002
1719351422.0922296
1719351422.2521243
1719351422.2521951
1719351422.258176
1719351422.2592218
1719351422.5027092
1719351422.503109
1719351422.5081704
1719351422.5109975
1719351422.6640139
1719351422.664079
1719351422.6648803
1719351422.669257
1719351422.8894265
1719351422.8922052
1719351422.895813
1719351422.9001505
1719351423.1468
1719351423.1470237
1719351423.153561
1719351423.1566439
1719351423.3094063
1719351423.311805
1719351423.3155637
1719351423.3218982
1719351423.5283055
1719351423.5293827
1719351423.533012
1719351423.534227
1719351423.6927347
1719351423.6929536
1719351423.6932745
1719351423.6944654
1719351423.934609
1719351423.938641
1719351423.9402745
1719351423.941281
1719351424.0802484
1719351424.089126
1719351424.1863008
1719351424.191516
1719351424.3542814
1719351424.3550146
1719351424.361625
1719351424.363177
1719351424.3789968
1719351424.503382
1719351424.503991
1719351424.5104587
1719351424.5113983
1719351424.6931226
1719351424.6937225
1719351424.6938002
1719351424.694294
1719351424.8233256
1719351424.8294296
1719351424.8295977
1719351424.8317802
1719351425.0160522
1719351425.0211325
1719351425.0225482
1719351425.137774
1719351425.5090513
1719351425.5106719
1719351425.510712
1719351425.5107312
1719351425.6859639
1719351425.6917305
1719351425.6917632
1719351425.692596
1719351425.8076022
1719351425.8143427
1719351425.8144174
1719351425.8146145
1719351426.0351422
1719351426.037789
1719351426.0419326
1719351426.0419893
1719351429.3571892
1719351429.8649092
1719351429.9629128
1719351429.9629385
1719351429.964667
1719351429.9710636
1719351430.200351
1719351430.20074
1719351430.2015004
1719351430.2043476
1719351430.3559306
1719351430.360303
1719351430.3606534
1719351430.3615558
1719351430.5285974
1719351430.5299509
1719351430.5332992
1719351430.5358632
1719351430.727664
1719351430.728049
1719351430.7338324
1719351430.7344036
1719351430.875848
1719351430.879904
1719351430.882276
1719351430.8823574
1719351431.0443654
1719351431.0495934
1719351431.0498562
1719351431.0505848
1719351431.2425659
1719351431.2433608
1719351431.243899
1719351431.361055
1719351431.5412364
1719351431.5442688
1719351431.5460403
1719351431.5468843
1719351431.675781
1719351431.6766846
1719351431.6773434
1719351431.6889663
1719351431.8780842
1719351431.880921
1719351431.8809695
1719351431.8820875
1719351432.1105783
1719351432.1106563
1719351432.111255
1719351432.1176481
1719351432.2916057
1719351432.2934709
1719351432.2935166
1719351432.297346
1719351432.515178
1719351432.5202127
1719351432.521529
1719351432.5323076
1719351432.7111993
1719351432.7115612
1719351432.715525
1719351432.7157829
1719351432.8725114
1719351432.8725677
1719351432.872644
1719351432.8727071
1719351435.193145
1719351440.483938
1719351441.5060792
1719351441.5071325
1719351441.508383
1719351441.515997
1719351441.623502
1719351441.623782
1719351441.63243
1719351441.632543
1719351444.590837
1719351445.6958497
1719351447.4386415
1719351447.4393334
1719351447.4482136
1719351447.4482868
1719351447.5992928
1719351447.5993743
1719351447.600719
1719351447.6010807
1719351448.0667384
1719351448.0720494
1719351448.0740852
1719351448.0747302
1719351448.3009531
1719351448.3017397
1719351448.3079226
1719351448.3193414
1719351450.82954
1719351453.9118915
1719351453.9122608
1719351453.9124124
1719351453.9127297
1719351454.0900218
1719351454.0903838
1719351454.090516
1719351454.0943732
1719351454.3221004
1719351454.3263834
1719351454.3272355
1719351454.3294942
1719351454.4689867
1719351454.4698732
1719351454.475212
1719351454.4763668
1719351454.774707
1719351454.774754
1719351454.7751594
1719351454.7835076
1719351455.0663228
1719351455.0713396
1719351455.0713837
1719351455.0730312
1719351456.1241217
1719351459.8729558
1719351461.2573335
1719351466.5075903
1719351471.65169
1719351475.0580819
1719351476.8186498
1719351482.0141208
1719351487.2733214
1719351490.17043
1719351492.5081193
1719351497.7372162
1719351500.6170883
1719351500.6180162
1719351500.6219237
1719351500.6227496
1719351500.7646203
1719351500.773129
1719351500.8784359
1719351500.879056
1719351500.9931934
1719351501.093954
1719351501.1054308
1719351501.1055229
1719351501.2326918
1719351501.3357
1719351501.3412702
1719351501.341619
1719351501.5120277
1719351501.5128002
1719351501.5183198
1719351501.5197103
1719351501.8276536
1719351501.8292382
1719351501.8296442
1719351501.836365
1719351502.9845157
1719351505.409759
1719351506.0991912
1719351506.1037583
1719351506.10414
1719351506.1053033
1719351506.2543485
1719351506.2606933
1719351506.2625804
1719351506.2627866
1719351506.5683079
1719351506.5685525
1719351506.574269
1719351506.5747514
1719351506.7262652
1719351506.7333775
1719351506.7334187
1719351506.734694
1719351506.9495718
1719351506.9496064
1719351506.9508135
1719351506.9568086
1719351507.1292787
1719351507.1334317
1719351507.1334915
1719351507.1391187
1719351507.2768724
1719351507.277037
1719351507.2849832
1719351507.3878865
1719351507.5860062
1719351507.5923138
1719351507.5939484
1719351507.596996
1719351507.7072744
1719351507.7121482
1719351507.7142444
1719351507.829105
1719351507.925804
1719351508.0254939
1719351508.027407
1719351508.0319178
1719351508.1381683
1719351508.1395593
1719351508.1448693
1719351508.149454
1719351508.2822974
1719351508.2830913
1719351508.3925939
1719351508.3966048
1719351508.4001734
1719351508.6041877
1719351508.6057892
1719351508.6081274
1719351508.60881
1719351508.7549658
1719351508.7586203
1719351508.759487
1719351508.7638452
1719351508.955974
1719351508.9618273
1719351508.961971
1719351508.9651668
1719351509.1996896
1719351509.2026129
1719351509.2072706
1719351509.2094917
1719351509.4671807
1719351509.467922
1719351509.4684033
1719351509.4684854
1719351509.6804311
1719351509.682057
1719351509.6836298
1719351509.690737
1719351513.811735
1719351513.8594627
1719351513.865615
1719351513.8669674
1719351513.9989195
1719351514.1389444
1719351514.1395655
1719351514.139972
1719351514.147127
1719351514.3687003
1719351514.3689635
1719351514.3693852
1719351514.375319
1719351514.5774896
1719351514.577762
1719351514.5828185
1719351514.583532
1719351514.7515898
1719351514.751617
1719351514.7519941
1719351514.759422
1719351514.9646404
1719351514.9668217
1719351514.9722025
1719351514.973476
1719351515.1255047
1719351515.1291833
1719351515.1302688
1719351515.1303358
1719351515.3009396
1719351515.3010135
1719351515.3065486
1719351515.309484
1719351515.4497826
1719351515.450091
1719351515.4504406
1719351515.4574068
1719351515.6657772
1719351515.6664548
1719351515.6719308
1719351515.6722221
1719351515.8876932
1719351515.8877165
1719351515.8916082
1719351515.892332
1719351516.009449
1719351516.015707
1719351516.1267745
1719351516.1278334
1719351516.2440226
1719351516.2521718
1719351516.348211
1719351516.4843605
1719351516.8882318
1719351516.889952
1719351516.8905802
1719351517.0183372
1719351518.996973
1719351520.6295776
1719351521.0603526
1719351521.06616
1719351521.0665839
1719351521.066866
1719351521.1949883
1719351521.195329
1719351521.1955903
1719351521.296563
1719351521.5990698
1719351521.6001234
1719351521.6087165
1719351521.7087407
1719351524.2187214
1719351526.3744333
1719351526.3752236
1719351526.3753066
1719351526.3759146
1719351526.5051267
1719351526.5066564
1719351526.5109677
1719351526.5147223
1719351526.6425993
1719351526.643747
1719351526.6438963
1719351526.6441283
1719351526.9476953
1719351526.9494474
1719351526.9506273
1719351526.9555066
1719351527.1554954
1719351527.1613832
1719351527.1628296
1719351527.1639402
1719351527.328075
1719351527.335351
1719351527.33541
1719351527.3355327
1719351527.5703118
1719351527.5760422
1719351527.576309
1719351527.5769207
1719351527.6944118
1719351527.8044686
1719351527.8051264
1719351527.80682
1719351527.94647
1719351527.9470634
1719351527.9472663
1719351527.9567943
1719351528.1034274
1719351528.1044974
1719351528.110182
1719351528.1116793
1719351528.2520967
1719351528.2524338
1719351528.257795
1719351528.2580252
1719351528.4472625
1719351528.447912
1719351528.5423834
1719351528.543246
1719351528.7110002
1719351528.717091
1719351528.7203813
1719351528.7204487
1719351528.9036953
1719351528.9108748
1719351528.9948895
1719351528.9950042
1719351529.1647246
1719351529.1651359
1719351529.16693
1719351529.167589
1719351529.4900188
1719351529.562894
1719351529.563146
1719351529.5632114
1719351529.564255
1719351534.047545
1719351534.0480156
1719351534.0528321
1719351534.0592883
1719351534.2574115
1719351534.2592573
1719351534.2640579
1719351534.2645075
1719351534.485463
1719351534.4855294
1719351534.48576
1719351534.4924235
1719351534.7057855
1719351534.7105682
1719351534.7130938
1719351534.7145905
1719351534.8127909
1719351534.9460425
1719351534.9471374
1719351534.953264
1719351534.953649
1719351535.047217
1719351535.1514122
1719351535.1588948
1719351535.1624987
1719351535.32582
1719351535.3262832
1719351535.328292
1719351535.329397
1719351535.4817746
1719351535.4829807
1719351535.4831996
1719351535.4899762
1719351535.6317816
1719351535.636938
1719351535.637416
1719351535.739952
1719351535.7784998
1719351535.8789074
1719351535.8813198
1719351535.8854558
1719351535.8868697
1719351536.0890603
1719351536.0950944
1719351536.095418
1719351536.0974631
1719351536.2942514
1719351536.2959125
1719351536.2996066
1719351536.3021219
1719351536.396602
1719351536.5093358
1719351536.5149856
1719351536.5167909
1719351536.6300392
1719351536.7215822
1719351536.7229893
1719351536.7323282
1719351536.842948
1719351536.8443458
1719351536.8483937
1719351536.8490043
1719351537.0865443
1719351537.0869446
1719351537.087611
1719351537.0913765
1719351537.5907118
1719351537.592044
1719351537.5920844
1719351537.5930593
1719351537.7010942
1719351537.7082624
1719351537.7083054
1719351537.7087028
1719351540.1470826
1719351541.88936
1719351541.891207
1719351541.893949
1719351541.8948689
1719351542.0299315
1719351542.0313325
1719351542.0315669
1719351542.0362225
1719351542.1902878
1719351542.1920187
1719351542.1928449
1719351542.1967516
1719351542.4734967
1719351542.473601
1719351542.4741993
1719351542.4759886
1719351542.7280881
1719351542.7296762
1719351542.7362452
1719351542.8953862
1719351542.90081
1719351543.006998
1719351543.0082257
1719351543.008994
1719351543.034929
1719351543.1217
1719351543.1230018
1719351543.123854
1719351543.3308563
1719351543.330947
1719351543.33492
1719351543.3365474
1719351543.593401
1719351543.5948966
1719351543.602802
1719351543.6089664
1719351543.7788844
1719351543.780058
1719351543.7803721
1719351543.7818477
1719351543.9129136
1719351543.9129965
1719351543.9131463
1719351543.914007
1719351544.117697
1719351544.1196644
1719351544.120519
1719351544.1255271
1719351544.5980525
1719351544.5993025
1719351544.599428
1719351544.601327
1719351544.70959
1719351544.817207
1719351544.8187199
1719351544.8223414
1719351544.9814622
1719351544.9822066
1719351544.9902833
1719351544.9909637
1719351545.2020512
1719351545.2024798
1719351545.2091787
1719351545.2094884
1719351545.4349608
1719351549.7513537
1719351549.757842
1719351549.7580452
1719351549.7581918
1719351549.9847486
1719351549.9851007
1719351549.985317
1719351549.9909587
1719351550.3274255
1719351550.332384
1719351550.3344567
1719351550.424179
1719351550.42464
1719351550.4248123
1719351550.4295564
1719351550.4307742
1719351550.5466704
1719351550.5472555
1719351550.5514786
1719351550.552175
1719351550.6815271
1719351550.7495594
1719351550.7514
1719351550.7525258
1719351550.7542996
1719351551.09853
1719351551.1005278
1719351551.1010375
1719351551.1070046
1719351551.1089835
1719351551.2906451
1719351551.2950249
1719351551.2994738
1719351551.3014283
1719351551.500712
1719351551.500871
1719351551.5086718
1719351551.5087247
1719351551.6880991
1719351551.6893132
1719351551.6905506
1719351551.6934285
1719351551.8687131
1719351551.8748288
1719351551.875103
1719351551.8755744
1719351552.1416814
1719351552.1418104
1719351552.146512
1719351552.1469917
1719351552.3677807
1719351552.3684647
1719351552.3690796
1719351552.4930747
1719351552.5801828
1719351552.5846972
1719351552.5862784
1719351552.5922015
1719351552.819493
1719351552.8249161
1719351552.826059
1719351552.8270123
1719351552.928214
1719351552.9346783
1719351552.9349678
1719351552.9414074
1719351553.0837996
1719351553.0846589
1719351553.084861
1719351553.0876226
1719351553.2257748
1719351553.226011
1719351553.2309124
1719351553.2322006
1719351553.3871303
1719351553.3892496
1719351553.5063906
1719351553.5068493
1719351553.6417277
1719351553.6427228
1719351553.6428087
1719351553.653078
1719351555.9734616
1719351558.2650938
1719351558.2652707
1719351558.2711062
1719351558.2730165
1719351558.4923143
1719351558.4989464
1719351558.4994216
1719351558.5003178
1719351558.7569795
1719351558.7574265
1719351558.7574883
1719351558.7696643
1719351558.8834867
1719351558.8909004
1719351558.9902737
1719351558.9965172
1719351559.1153376
1719351559.1216366
1719351559.122379
1719351559.1227138
1719351559.3396163
1719351559.3425193
1719351559.345912
1719351559.346103
1719351561.229935
1719351563.7426972
1719351563.7429051
1719351563.7438207
1719351563.7448802
1719351563.9628003
1719351563.9667943
1719351563.966982
1719351563.9671006
1719351564.1362305
1719351564.1380334
1719351564.14398
1719351564.145781
1719351564.264579
1719351564.264666
1719351564.2688072
1719351564.2696195
1719351564.391589
1719351564.3917294
1719351564.3963113
1719351564.5058095
1719351564.7370043
1719351564.7438607
1719351564.743896
1719351564.7444541
1719351564.845532
1719351564.9512978
1719351564.958137
1719351564.9593608
1719351565.1155922
1719351565.1212618
1719351565.1289337
1719351565.1320143
1719351565.2935774
1719351565.2936504
1719351565.2942047
1719351565.2977796
1719351565.4859772
1719351565.4870842
1719351565.4920301
1719351565.4959874
1719351565.6030407
1719351565.6969826
1719351565.6972432
1719351565.7042046
1719351565.891224
1719351565.8930352
1719351565.8943114
1719351565.8987963
1719351565.9899619
1719351566.1067343
1719351566.1121287
1719351566.1141434
1719351566.2481616
1719351566.2511163
1719351566.3681853
1719351566.3701248
1719351566.3973887
1719351566.5124247
1719351566.513296
1719351566.514011
1719351566.5200188
1719351566.5309968
1719351566.6191778
1719351566.6194067
1719351566.7264798
1719351566.7281632
1719351566.8606958
1719351566.8643909
1719351566.8685253
1719351566.8710093
1719351571.1394515
1719351571.140248
1719351571.1425688
1719351571.1447923
1719351571.2814226
1719351571.3793674
1719351571.3855252
1719351571.3930807
1719351571.5543659
1719351571.5556927
1719351571.5621257
1719351571.5630703
1719351571.7130473
1719351571.717182
1719351571.7174358
1719351571.734026
1719351571.8807602
1719351571.9475915
1719351571.9476397
1719351571.950898
1719351571.9535685
1719351572.0727417
1719351572.073066
1719351572.0737035
1719351572.0759597
1719351572.2643943
1719351572.2649188
1719351572.265124
1719351572.269885
1719351572.4504015
1719351572.4539456
1719351572.4540312
1719351572.4556754
1719351572.7196984
1719351572.7202318
1719351572.7278364
1719351572.7294447
1719351572.9868948
1719351572.9873946
1719351572.987685
1719351572.98821
1719351573.182346
1719351573.1834083
1719351573.1904569
1719351573.1942399
1719351573.3072388
1719351573.3073933
1719351573.3076024
1719351573.3091364
1719351573.5116887
1719351573.513678
1719351573.5193398
1719351573.51982
1719351573.6470094
1719351573.6505516
1719351573.65124
1719351573.6641428
1719351573.9002054
1719351573.9036813
1719351573.9051657
1719351573.9084904
1719351574.0609562
1719351574.0613933
1719351574.0624359
1719351574.0635667
1719351574.2641716
1719351574.2642741
1719351574.266717
1719351574.2712123
1719351574.4607205
1719351574.466703
1719351574.466968
1719351574.4687264
1719351574.6002984
1719351574.6008284
1719351574.7058194
1719351574.7067928
1719351574.8764193
1719351574.8768094
1719351574.8805492
1719351574.8818572
1719351575.0057254
1719351575.0121212
1719351575.129237
1719351575.129685
1719351575.2892313
1719351575.2900772
1719351575.291597
1719351575.294898
1719351575.4856386
1719351575.4931939
1719351575.4955058
1719351575.5026538
1719351575.6667888
1719351575.6690004
1719351575.669883
1719351575.6704602
1719351575.9589689
1719351575.959025
1719351575.9591796
1719351575.9860668
1719351576.1817434
1719351576.1820889
1719351576.1822555
1719351576.1962595
1719351576.3089163
1719351576.3103516
1719351576.3104756
1719351576.3174736
1719351576.4642882
1719351576.4643672
1719351576.4660673
1719351576.4705906
1719351576.6651719
1719351576.665329
1719351576.665392
1719351576.6704857
1719351576.86535
1719351576.869985
1719351576.8706717
1719351576.8714998
1719351577.0732052
1719351577.0742211
1719351577.0840704
1719351577.085613
1719351577.0869946
1719351581.2586658
1719351581.2594492
1719351581.2635505
1719351581.2648132
1719351581.47482
1719351581.47501
1719351581.4754827
1719351581.4778726
1719351581.6386626
1719351581.6472206
1719351581.6473668
1719351581.6633372
1719351581.743577
1719351581.86811
1719351581.8732095
1719351581.8763516
1719351582.055955
1719351582.056372
1719351582.0628462
1719351582.0633633
1719351582.374842
1719351582.482526
1719351582.4829118
1719351582.4868205
1719351582.4905386
1719351586.5645375
1719351586.5720942
1719351586.6692808
1719351586.6752934
1719351586.8814158
1719351586.8823085
1719351586.8829234
1719351586.8875654
1719351587.0967262
1719351587.0989013
1719351587.1040766
1719351587.1065989
1719351587.301931
1719351587.3025064
1719351587.3071935
1719351587.3082232
1719351587.425308
1719351587.5196116
1719351587.5220134
1719351587.5235746
1719351587.6879814
1719351587.6901615
1719351587.6910176
1719351587.6942596
1719351587.714689
1719351587.8062422
1719351587.8150148
1719351587.9128997
1719351587.9129922
1719351588.1353257
1719351588.1355593
1719351588.1360433
1719351588.1447608
1719351588.3608634
1719351588.3662677
1719351588.367761
1719351588.368123
1719351588.4679098
1719351588.4740307
1719351588.4751403
1719351588.4778113
1719351588.584481
1719351588.5866964
1719351588.7086873
1719351588.7088172
1719351588.9638593
1719351588.9652133
1719351588.965562
1719351588.9685984
1719351589.1314526
1719351589.136155
1719351589.136484
1719351589.1367736
1719351589.3159993
1719351589.320425
1719351589.324838
1719351589.324948
1719351589.5787258
1719351589.5804117
1719351589.5837295
1719351589.5875916
1719351589.7440763
1719351589.7447853
1719351589.7494528
1719351589.7509067
1719351589.862654
1719351589.8641338
1719351589.8648107
1719351589.8693914
1719351590.1008775
1719351590.1032581
1719351590.105013
1719351590.1056042
1719351590.2952862
1719351590.2956069
1719351590.297715
1719351590.3021994
1719351590.4232702
1719351590.42651
1719351590.531617
1719351590.5372193
1719351590.6822042
1719351590.6882617
1719351590.688511
1719351590.6900077
1719351591.0645525
1719351591.0675478
1719351591.068174
1719351591.073285
1719351593.0352688
1719351595.4034903
1719351595.4043605
1719351595.4058223
1719351595.4102046
1719351595.665276
1719351595.6730113
1719351595.6732638
1719351595.6741168
1719351595.8168027
1719351595.8172584
1719351595.8184946
1719351595.8226013
1719351596.0236537
1719351596.0245786
1719351596.02924
1719351596.0310206
1719351596.2425826
1719351596.247959
1719351596.2486706
1719351596.2493393
1719351596.4897232
1719351596.4908898
1719351596.4960182
1719351596.4970891
1719351596.6768613
1719351596.6773062
1719351596.6817627
1719351596.68393
1719351596.8551657
1719351596.8552794
1719351596.855616
1719351596.8564813
1719351596.9337003
1719351596.999312
1719351597.0061717
1719351597.0070574
1719351597.0071018
1719351597.2659726
1719351597.2675717
1719351597.2764945
1719351597.2765357
1719351597.4689872
1719351597.4690204
1719351597.4690976
1719351597.469206
1719351597.666963
1719351597.6671908
1719351597.6736565
1719351597.6739788
1719351597.8581836
1719351597.8588243
1719351597.8605642
1719351597.8641934
1719351598.0216334
1719351598.0270975
1719351598.029052
1719351598.0294628
1719351598.2435467
1719351598.2438662
1719351598.2489026
1719351598.250919
1719351598.3281293
1719351598.4351728
1719351598.4355702
1719351598.4358156
1719351598.4385037
1719351598.6827822
1719351598.687891
1719351598.6897492
1719351598.6899633
1719351599.1019588
1719351599.106746
1719351599.107231
1719351599.1075542
1719351599.3199925
1719351599.3202634
1719351599.3219714
1719351599.3266847
1719351599.4999075
1719351599.5021672
1719351599.5062206
1719351599.514338
1719351599.6237469
1719351599.6238723
1719351599.6239486
1719351599.6297832
1719351599.8339343
1719351599.8381548
1719351599.8399749
1719351599.8401031
1719351603.593631
1719351604.7227314
1719351604.7235484
1719351604.7277431
1719351604.7292638
1719351604.840382
1719351604.8408465
1719351604.8414505
1719351604.8445878
1719351605.0532749
1719351605.0598376
1719351605.06016
1719351605.0602612
1719351605.2796655
1719351605.2797513
1719351605.2815313
1719351605.2902648
1719351605.4397798
1719351605.441886
1719351605.4447355
1719351605.4474506
1719351605.5972037
1719351605.59758
1719351605.601987
1719351605.7291758
1719351605.8658426
1719351605.8665364
1719351605.8730416
1719351605.8750975
1719351606.08906
1719351606.0908937
1719351606.097135
1719351606.1028714
1719351606.2776918
1719351606.2804701
1719351606.2805498
1719351606.2830384
1719351606.459075
1719351606.467501
1719351606.4675362
1719351606.4676263
1719351606.6824615
1719351606.6845486
1719351606.6851788
1719351606.685661
1719351606.8674319
1719351606.8741333
1719351606.874638
1719351606.8792667
1719351607.066057
1719351607.0667026
1719351607.0754461
1719351607.0874598
1719351607.2626219
1719351607.267719
1719351607.2692752
1719351607.2694182
1719351608.7106442
1719351611.4145265
1719351611.4151397
1719351611.4162226
1719351611.4246755
1719351611.6854548
1719351611.6916068
1719351611.6924481
1719351611.6932003
1719351611.7959023
1719351611.797122
1719351611.8086443
1719351611.808668
1719351612.0574543
1719351612.057749
1719351612.0620112
1719351612.0651357
1719351612.2025352
1719351612.5880413
1719351612.590186
1719351612.591806
1719351612.5939562
1719351613.842104
1719351616.9461515
1719351616.9474745
1719351616.9489865
1719351616.954648
1719351617.10021
1719351617.1006873
1719351617.102042
1719351617.1026218
1719351617.3131344
1719351617.3187232
1719351617.3211446
1719351617.323742
1719351617.4066193
1719351617.4125674
1719351617.4138386
1719351617.4150429
1719351617.6793187
1719351617.6816092
1719351617.6878204
1719351617.6878698
1719351617.8147864
1719351617.9042873
1719351617.9118142
1719351617.9130414
1719351618.0801291
1719351618.080543
1719351618.081886
1719351618.0883524
1719351618.3629465
1719351618.3644907
1719351618.3689313
1719351618.3706238
1719351618.582768
1719351618.5829794
1719351618.5838315
1719351618.587671
1719351618.70146
1719351618.7085123
1719351618.7092068
1719351618.796886
1719351618.801871
1719351618.8026576
1719351618.8042521
1719351618.9188147
1719351619.0328019
1719351619.0343313
1719351619.0392628
1719351619.0395572
1719351619.1267543
1719351619.249686
1719351619.249929
1719351619.2557447
1719351619.2570548
1719351619.4876053
1719351619.4885342
1719351619.489593
1719351619.4898803
1719351619.6850045
1719351619.6900141
1719351619.690395
1719351619.693144
1719351619.9039695
1719351619.9045107
1719351619.9108715
1719351619.9111307
1719351620.0179558
1719351620.0186324
1719351620.0191326
1719351620.1293666
1719351620.243955
1719351620.2471323
1719351620.2514484
1719351620.2516687
1719351620.429023
1719351620.430624
1719351620.4362144
1719351620.4362757
1719351620.671838
1719351620.677414
1719351620.6778061
1719351620.678821
1719351620.8049266
1719351620.882157
1719351620.887063
1719351620.8902583
1719351620.9923134
1719351620.9982934
1719351621.094874
1719351621.1000426
1719351621.25766
1719351621.2578099
1719351621.2639039
1719351621.275674
1719351621.4890332
1719351621.4898932
1719351621.490351
1719351621.490768
1719351621.5853293
1719351621.5856698
1719351621.5921576
1719351621.5921998
1719351621.7903323
1719351621.79141
1719351621.791764
1719351621.8092096
1719351622.0134416
1719351622.0241878
1719351622.063898
1719351622.0666606
1719351622.2359533
1719351622.244247
1719351622.2449207
1719351622.3453226
1719351622.502196
1719351622.5042512
1719351622.5044076
1719351622.5084333
1719351622.924359
1719351622.925927
1719351622.9269798
1719351622.9273183
1719351624.497814
1719351626.6849194
1719351626.6849194
1719351626.6903083
1719351626.6907883
1719351626.8822212
1719351626.8867986
1719351626.88715
1719351626.8927782
1719351627.012365
1719351627.015802
1719351627.018302
1719351627.0189726
1719351627.2559094
1719351627.2624178
1719351627.262418
1719351627.262469
1719351627.3652961
1719351627.478127
1719351627.4878805
1719351627.4900246
1719351627.5203302
1719351627.681663
1719351627.6825151
1719351627.6871228
1719351627.6885202
1719351627.817352
1719351627.8246384
1719351627.9169276
1719351627.9236212
1719351628.0739915
1719351628.074596
1719351628.0795405
1719351628.079565
1719351628.2832994
1719351628.2833424
1719351628.283488
1719351628.2901275
1719351628.501729
1719351628.5097065
1719351628.509974
1719351628.5100486
1719351628.6906052
1719351628.6906395
1719351628.6956294
1719351628.795147
1719351628.9001386
1719351628.9016998
1719351628.9018323
1719351628.9060328
1719351628.9936185
1719351628.998997
1719351629.000937
1719351629.1170464
1719351629.2130597
1719351629.2130911
1719351629.215386
1719351629.2165532
1719351629.4963892
1719351629.497915
1719351629.5041544
1719351629.5049112
1719351629.7380328
1719351629.7396173
1719351629.8485088
1719351629.8497076
1719351629.8511822
1719351629.856241
1719351630.275274
1719351630.2785017
1719351630.2810442
1719351630.2818868
1719351630.416382
1719351630.4192543
1719351630.419704
1719351630.4198492
1719351630.6725132
1719351630.6734056
1719351630.6788595
1719351630.6788807
1719351634.864384
1719351634.8661299
1719351634.8698921
1719351634.8708708
1719351634.9906662
1719351634.9917564
1719351634.99894
1719351635.0017996
1719351635.0805678
1719351635.3109617
1719351635.3116326
1719351635.3117547
1719351635.3122425
1719351635.496617
1719351635.49736
1719351635.5040846
1719351635.5049772
1719351635.6782448
1719351635.681758
1719351635.68615
1719351635.6908777
1719351635.7715337
1719351635.7788897
1719351635.8847024
1719351635.8862958
1719351636.025607
1719351636.0265253
1719351636.0305688
1719351636.032141
1719351636.2384362
1719351636.244867
1719351636.2451952
1719351636.3695624
1719351636.4889836
1719351636.5890732
1719351636.589391
1719351636.5946035
1719351636.7803686
1719351636.7841532
1719351636.7847435
1719351636.7855787
1719351636.7858462
1719351636.8891292
1719351636.896114
1719351636.897838
1719351637.0173976
1719351637.0178766
1719351637.1232665
1719351637.1273022
1719351637.3014925
1719351637.301772
1719351637.3018467
1719351637.3035789
1719351637.437051
1719351637.4431028
1719351637.4464054
1719351637.4465082
1719351637.831654
1719351637.8353803
1719351637.836803
1719351637.8385866
1719351637.9699965
1719351637.970922
1719351637.9712493
1719351637.9770446
1719351638.1255012
1719351638.1257641
1719351638.1331334
1719351638.133207
1719351638.269809
1719351638.2777622
1719351638.2798538
1719351638.2805219
1719351638.6663156
1719351638.6672378
1719351638.6751359
1719351638.675545
1719351640.3299963
1719351642.923588
1719351642.955878
1719351642.9572847
1719351642.9602475
1719351642.9620554
1719351643.1461332
1719351643.150777
1719351643.1508994
1719351643.151023
1719351643.2918801
1719351643.2932205
1719351643.29773
1719351643.2980783
1719351643.5439482
1719351643.54458
1719351643.5448244
1719351643.553276
1719351643.7386687
1719351643.7430975
1719351643.7435544
1719351643.7436144
1719351645.4487014
1719351647.6384678
1719351647.6445305
1719351647.6447752
1719351647.6457589
1719351647.8667617
1719351647.8716621
1719351647.8718684
1719351647.8729959
1719351647.9831598
1719351647.9839873
1719351647.985682
1719351648.0870001
1719351648.37216
1719351648.3730025
1719351648.3778822
1719351648.378501
1719351648.6166024
1719351648.6190782
1719351648.6231995
1719351648.6235046
1719351648.6241896
1719351648.7132418
1719351648.713242
1719351648.7222576
1719351648.8663695
1719351648.8664489
1719351648.8673625
1719351648.871129
1719351649.0854294
1719351649.0909574
1719351649.0915954
1719351649.0916998
1719351649.3496563
1719351649.3513956
1719351649.3573499
1719351649.3583815
1719351649.5974295
1719351649.6011293
1719351649.6015596
1719351649.6024187
1719351649.7481549
1719351649.748563
1719351649.751285
1719351649.7513018
1719351649.8583295
1719351649.862723
1719351649.8635871
1719351649.971402
1719351650.1233664
1719351650.1276762
1719351650.1295085
1719351650.1316435
1719351650.236943
1719351650.2437317
1719351650.243915
1719351650.345155
1719351650.4361286
1719351650.4429252
1719351650.5539846
1719351650.5556405
1719351650.6993942
1719351650.6998103
1719351650.7055018
1719351650.7074046
1719351650.708026
1719351650.8863225
1719351650.8919792
1719351650.8932896
1719351650.8933382
1719351651.0708816
1719351651.0724816
1719351651.0784318
1719351651.0785005
1719351651.3227592
1719351651.3228676
1719351651.324337
1719351651.324682
1719351655.2568026
1719351655.2571352
1719351655.2591
1719351655.3839507
1719351655.3840141
1719351655.4059086
1719351655.4699452
1719351655.4766858
1719351655.5946329
1719351655.682011
1719351655.6854837
1719351655.690129
1719351655.860623
1719351655.8679757
1719351655.8681664
1719351655.869178
1719351656.0489707
1719351656.0932977
1719351656.0952291
1719351656.0988402
1719351656.1011937
1719351656.280712
1719351656.2841043
1719351656.2858999
1719351656.2860906
1719351656.4606152
1719351656.465135
1719351656.46815
1719351656.4713879
1719351656.607036
1719351656.6076179
1719351656.6105077
1719351656.6133637
1719351656.8739207
1719351656.8740559
1719351656.8806484
1719351656.8808737
1719351657.120714
1719351657.1208363
1719351657.123263
1719351657.1375372
1719351657.3302217
1719351657.3379178
1719351657.338248
1719351657.3383226
1719351657.5576298
1719351657.5647213
1719351657.5655692
1719351657.5657406
1719351657.7727647
1719351657.773325
1719351657.774261
1719351657.7812827
1719351657.9092786
1719351657.9094307
1719351658.0265155
1719351658.0284767
1719351658.1515284
1719351658.1523435
1719351658.1524413
1719351658.2698185
1719351658.3063295
1719351658.4132442
1719351658.4134145
1719351658.4142995
1719351658.4147544
1719351658.5431292
1719351658.544129
1719351658.5475874
1719351658.5480766
1719351658.8668709
1719351658.9746208
1719351658.974854
1719351658.9791288
1719351660.35672
1719351661.3202217
1719351663.0455344
1719351663.0455825
1719351663.0522683
1719351663.0541065
1719351663.1976798
1719351663.3032713
1719351663.3099036
1719351663.3105586
1719351663.5314867
1719351663.5315585
1719351663.5318737
1719351663.540556
1719351663.7027042
1719351663.7029676
1719351663.7041974
1719351663.708183
1719351664.1261241
1719351664.1290596
1719351664.1301522
1719351664.1324613
1719351664.2764366
1719351664.2798393
1719351664.3794608
1719351664.3877442
1719351666.5298882
1719351668.4818504
1719351668.4889598
1719351668.4898214
1719351668.4907708
1719351668.6918912
1719351668.692068
1719351668.6924722
1719351668.6931157
1719351668.8592253
1719351668.8603146
1719351668.8606658
1719351668.866786
1719351669.055659
1719351669.0561285
1719351669.061918
1719351669.062806
1719351669.2373698
1719351669.2379725
1719351669.2425048
1719351669.2439225
1719351669.4687366
1719351669.469397
1719351669.4754786
1719351669.568162
1719351669.7056873
1719351669.8191466
1719351669.8255827
1719351669.8270142
1719351669.9315016
1719351669.9317951
1719351669.931911
1719351669.936824
1719351670.1737187
1719351670.1744854
1719351670.1753123
1719351670.27765
1719351670.2783916
1719351670.2785828
1719351670.3851433
1719351670.3908353
1719351670.598871
1719351670.601541
1719351670.607095
1719351670.6091433
1719351670.8818033
1719351670.887244
1719351670.8873122
1719351670.888709
1719351671.0686786
1719351671.0806994
1719351671.0809276
1719351671.0809958
1719351671.7830756
1719351675.5161746
1719351675.5168726
1719351675.5230765
1719351675.523756
1719351675.5521164
1719351675.7006338
1719351675.704998
1719351675.708145
1719351675.7082896
1719351675.8659475
1719351675.8693144
1719351675.8702865
1719351675.8707104
1719351676.028574
1719351676.033063
1719351676.0347614
1719351676.0353274
1719351676.2798946
1719351676.28065
1719351676.2867243
1719351676.2949226
1719351676.4836824
1719351676.4913468
1719351676.594552
1719351676.594986
1719351676.7945786
1719351676.795378
1719351676.8008015
1719351676.8009088
1719351676.9445357
1719351676.977474
1719351676.9824522
1719351676.9833276
1719351676.9838164
1719351676.9858422
1719351676.9860187
1719351677.1058068
1719351677.108949
1719351677.2793238
1719351677.281586
1719351677.2857816
1719351677.286368
1719351677.5626192
1719351677.5687668
1719351677.5690696
1719351677.5691311
1719351677.668581
1719351677.6733043
1719351677.6737761
1719351677.673969
1719351677.8055322
1719351677.8087747
1719351677.8103638
1719351677.9211357
1719351678.0459368
1719351678.0519516
1719351678.0534015
1719351678.0536525
1719351678.469738
1719351678.4713285
1719351678.4780266
1719351678.4790034
1719351678.685372
1719351678.6869044
1719351678.6871524
1719351678.6912634
1719351678.9634705
1719351678.96524
1719351678.9712265
1719351678.9712944
1719351679.1761513
1719351679.1776454
1719351679.1839054
1719351679.1841743
1719351682.2241654
1719351684.6581001
1719351684.662184
1719351684.662579
1719351684.6630208
1719351684.9333744
1719351684.9336367
1719351684.9349911
1719351684.9352834
1719351685.093978
1719351685.0940168
1719351685.098683
1719351685.0991588
1719351685.2253869
1719351685.2304535
1719351685.2319791
1719351685.2324088
1719351685.3668408
1719351685.4701319
1719351685.4711387
1719351685.476886
1719351685.614714
1719351685.6147308
1719351685.6195312
1719351685.620029
1719351685.8953688
1719351685.8958316
1719351685.9025698
1719351686.0121474
1719351686.1988344
1719351686.199328
1719351686.2005095
1719351686.2049346
1719351686.3098097
1719351686.3140867
1719351686.3151426
1719351686.318553
1719351686.4848058
1719351686.491984
1719351686.4922462
1719351686.4931786
1719351686.6097558
1719351686.609756
1719351686.6121528
1719351686.6925747
1719351687.3754523
1719351690.8667736
1719351691.1667774
1719351691.1694214
1719351691.1742082
1719351691.1753488
1719351691.5545251
1719351691.6723344
1719351691.6724732
1719351691.6783454
1719351691.827281
1719351691.8273544
1719351691.8280053
1719351691.8289223
1719351692.037
1719351692.0406575
1719351692.0426974
1719351692.0429797
1719351692.2368865
1719351692.238035
1719351692.238571
1719351692.2398043
1719351692.4985466
1719351692.5063167
1719351692.506317
1719351692.5071225
1719351692.602493
1719351692.6102107
1719351692.6830356
1719351692.7093558
1719351692.7120986
1719351692.8734298
1719351692.8736157
1719351692.8761811
1719351692.8785691
1719351693.0999036
1719351693.101817
1719351693.102903
1719351693.104241
1719351693.283741
1719351693.2838662
1719351693.2843575
1719351693.2908115
1719351693.41387
1719351693.4324174
1719351693.5302205
1719351693.535508
1719351693.6714382
1719351693.6723342
1719351693.6727593
1719351693.680323
1719351693.8814726
1719351693.8815584
1719351693.8825967
1719351693.8828714
1719351694.1065965
1719351694.106721
1719351694.10891
1719351694.1090248
1719351694.303361
1719351694.3034074
1719351694.4086916
1719351694.4147062
1719351694.512715
1719351694.5148509
1719351694.5187867
1719351694.5243502
1719351694.7440245
1719351694.744945
1719351694.7454534
1719351694.7468462
1719351694.8624756
1719351694.8640604
1719351694.8645396
1719351694.8694289
1719351698.06524
1719351699.1010077
1719351699.1011865
1719351699.1019397
1719351699.1020598
1719351703.0404854
1719351703.041191
1719351703.042983
1719351703.0487895
1719351703.2739
1719351703.2758205
1719351703.2760768
1719351703.2806172
1719351703.316917
1719351703.4704847
1719351703.472234
1719351703.473957
1719351703.4761739
1719351703.666787
1719351703.6707728
1719351703.6716824
1719351703.6752405
1719351703.828186
1719351703.8291728
1719351703.8317297
1719351703.8340342
1719351703.9744148
1719351703.9811904
1719351704.0807579
1719351704.0844173
1719351704.3455386
1719351704.3507645
1719351704.3522804
1719351704.3569653
1719351704.5089946
1719351704.5103614
1719351704.5170345
1719351704.5186324
1719351704.6284275
1719351704.6370213
1719351704.7113128
1719351704.7189906
1719351704.822436
1719351704.8244407
1719351704.8301797
1719351704.8302624
1719351705.0066009
1719351705.1137674
1719351705.1144714
1719351705.1202228
1719351705.2752292
1719351705.2763186
1719351705.277121
1719351705.2788494
1719351705.4828045
1719351705.4828048
1719351705.4828806
1719351705.488065
1719351705.9006677
1719351705.9013608
1719351705.9037278
1719351705.9101818
1719351706.0717888
1719351708.5450425
1719351710.4699163
1719351710.4700222
1719351710.4717731
1719351710.4779658
1719351710.5861313
1719351710.587937
1719351710.5925026
1719351710.5925648
1719351710.8310292
1719351710.8310983
1719351710.8313217
1719351710.83792
1719351711.0709417
1719351711.0710683
1719351711.072394
1719351711.0774004
1719351711.2631516
1719351711.2637475
1719351711.2652552
1719351711.2731628
1719351711.4723625
1719351711.4724178
1719351711.4738333
1719351711.488347
1719351711.754903
1719351711.7602274
1719351711.760846
1719351711.7651832
1719351711.8827026
1719351711.8837416
1719351711.8897955
1719351711.8903055
1719351712.1312897
1719351712.133147
1719351712.1371021
1719351712.1380515
1719351712.3936636
1719351712.3941352
1719351712.394377
1719351712.4006364
1719351712.6763082
1719351712.677705
1719351712.6828363
1719351712.6884844
1719351713.8508992
1719351718.8594308
1719351718.8613036
1719351718.866062
1719351718.8684754
1719351719.0540905
1719351719.062001
1719351719.0625925
1719351719.06361
1719351719.0696187
1719351719.236791
1719351719.2401361
1719351719.240756
1719351719.2425897
1719351719.4995966
1719351719.5000489
1719351719.5038989
1719351719.5049174
1719351719.6215718
1719351719.6268477
1719351719.6271286
1719351719.641018
1719351719.8612378
1719351719.8709373
1719351719.8709948
1719351719.8710983
1719351720.0924978
1719351720.0929518
1719351720.0946107
1719351720.1012444
1719351720.3087869
1719351720.3093355
1719351720.3112419
1719351720.314563
1719351720.5265262
1719351720.5267198
1719351720.5278327
1719351720.5337727
1719351720.6770043
1719351720.677203
1719351720.6811626
1719351720.7185006
1719351720.8678796
1719351721.013451
1719351721.1038604
1719351721.1049464
1719351721.109659
1719351721.288904
1719351721.293464
1719351721.2960525
1719351721.2980542
1719351721.3170645
1719351721.476372
1719351721.477591
1719351721.4843457
1719351721.4856935
1719351721.8758035
1719351721.8770986
1719351721.8835168
1719351721.8835993
1719351722.0334408
1719351722.0382643
1719351722.1374357
1719351722.1376474
1719351724.3626466
1719351726.4509962
1719351726.4510386
1719351726.4513495
1719351726.4515395
1719351726.8002722
1719351726.8019407
1719351726.8039567
1719351726.8070915
1719351726.9089584
1719351726.9110966
1719351726.9159915
1719351726.9169662
1719351727.05698
1719351727.0578804
1719351727.064236
1719351727.065161
1719351727.2070718
1719351727.2076216
1719351727.207838
1719351727.213633
1719351727.3448553
1719351727.4501288
1719351727.4522755
1719351727.4538314
1719351727.6539023
1719351727.6540148
1719351727.6550095
1719351727.6616392
1719351727.8598208
1719351727.860546
1719351727.8659875
1719351727.866598
1719351728.0533924
1719351728.059442
1719351728.0611749
1719351728.0640347
1719351728.288635
1719351728.2888837
1719351728.292384
1719351728.392022
1719351728.5218284
1719351728.5240953
1719351728.5251374
1719351728.5267394
1719351728.7394125
1719351728.7415488
1719351728.7425706
1719351728.7562306
1719351728.914932
1719351728.9150438
1719351728.9151452
1719351728.915188
1719351729.0718527
1719351729.0728998
1719351729.0765913
1719351729.0778804
1719351729.48055
1719351729.488068
1719351729.4890747
1719351729.490521
1719351729.655342
1719351729.6572163
1719351729.661105
1719351729.6663
1719351729.803941
1719351735.0163088
1719351736.6006672
1719351738.2603784
1719351738.2666826
1719351738.2699897
1719351738.2733104
1719351738.418897
1719351738.4191864
1719351738.4192972
1719351738.4231255
1719351738.6738057
1719351738.7731671
1719351738.7732232
1719351738.7739522
1719351738.873222
1719351738.876393
1719351738.8804095
1719351738.888881
1719351739.0419986
1719351739.043046
1719351739.0480766
1719351739.155596
1719351739.457323
1719351739.4651947
1719351739.4653864
1719351739.4691808
1719351740.2819252
1719351741.998957
1719351741.9994807
1719351742.0060565
1719351742.0060568
1719351743.9648156
1719351743.9676754
1719351743.9728715
1719351743.9748883
1719351744.1919582
1719351744.1922255
1719351744.198634
1719351744.2042403
1719351744.505517
1719351744.5110204
1719351744.5128977
1719351744.514758
1719351744.6915913
1719351744.6921225
1719351744.6921585
1719351744.6994712
1719351745.0352404
1719351745.045668
1719351745.2307177
1719351745.2334387
1719351745.2375495
1719351745.2380543
1719351745.341565
1719351745.3474395
1719351745.347887
1719351745.3482666
1719351745.348396
1719351745.3509986
1719351745.4979577
1719351745.515575
1719351745.5210073
1719351745.5249555
1719351745.5251315
1719351749.9213612
1719351749.9240966
1719351749.9276803
1719351749.9283822
1719351750.1600974
1719351750.1644146
1719351750.1648579
1719351750.1701257
1719351750.2844355
1719351750.2910793
1719351750.2920835
1719351750.2933366
1719351750.5370646
1719351750.5384395
1719351750.5442693
1719351750.5529513
1719351750.906986
1719351750.9071002
1719351750.9129806
1719351750.9132726
1719351750.9733467
1719351751.2216182
1719351751.2256598
1719351751.2259724
1719351751.2271469
1719351751.3853252
1719351751.38568
1719351751.38626
1719351751.3890703
1719351751.4879208
1719351751.4880152
1719351751.4900503
1719351751.4938703
1719351751.623496
1719351751.6241324
1719351751.6274042
1719351751.6275713
1719351751.7959237
1719351751.9036279
1719351751.9041002
1719351751.9105723
1719351751.910857
1719351752.169437
1719351752.1701884
1719351752.1709914
1719351752.1787562
1719351752.5245373
1719351752.5251272
1719351752.5320292
1719351752.6681721
1719351756.2440207
1719351756.2509422
1719351756.2526925
1719351756.359054
1719351756.4163935
1719351756.5496292
1719351756.5498705
1719351756.5546567
1719351756.5567653
1719351760.8579354
1719351760.8583968
1719351760.8589122
1719351760.8725271
1719351761.065195
1719351761.0654924
1719351761.0655708
1719351761.0692227
1719351761.2256126
1719351761.2373118
1719351761.2374318
1719351761.2380257
1719351761.3716152
1719351761.482425
1719351761.4915118
1719351761.4918478
1719351761.609829
1719351761.6124794
1719351761.6157455
1719351761.6195333
1719351761.7270534
1719351761.8952744
1719351761.895564
1719351761.902808
1719351761.9030998
1719351762.009024
1719351762.0154805
1719351762.018455
1719351762.1274853
1719351762.2472773
1719351762.2521567
1719351762.255602
1719351762.2575927
1719351762.63687
1719351762.6369183
1719351762.641692
1719351762.757363
1719351762.8837268
1719351762.884063
1719351762.88998
1719351762.892999
1719351767.0180812
1719351767.1218433
1719351767.6421244
1719351767.642388
1719351767.6436186
1719351767.650843
1719351767.8584197
1719351767.8587089
1719351767.8627138
1719351767.867124
1719351768.0537071
1719351768.059823
1719351768.0600133
1719351768.0601263
1719351768.1708384
1719351768.175973
1719351768.1799827
1719351768.2690637
1719351768.476751
1719351768.4770908
1719351768.4806921
1719351768.4812555
1719351768.66608
1719351768.6676168
1719351768.6707406
1719351768.6716688
1719351768.8933077
1719351768.8985105
1719351768.899331
1719351768.8996484
1719351769.258641
1719351769.2591286
1719351769.265303
1719351769.2653534
1719351769.4527843
1719351769.4626784
1719351769.5582833
1719351769.5646422
1719351772.204909
1719351773.4596243
1719351773.4600117
1719351773.4651597
1719351773.4667532
1719351773.65102
1719351773.6527526
1719351773.660511
1719351773.6646807
1719351773.8718905
1719351773.8721426
1719351773.875
1719351773.8770144
1719351774.1257246
1719351774.1257613
1719351774.1271327
1719351774.128494
1719351774.2570279
1719351774.2585146
1719351774.2595923
1719351774.2646785
1719351774.4671392
1719351774.4674354
1719351774.4742558
1719351774.4744089
1719351774.6604164
1719351774.6609867
1719351774.6619353
1719351774.6623673
1719351774.9482403
1719351774.9490244
1719351774.9508371
1719351774.9546711
1719351775.1773956
1719351775.178757
1719351775.1800234
1719351775.1832805
1719351775.184229
1719351775.2980275
1719351775.301737
1719351775.306763
1719351775.686978
1719351775.6912384
1719351775.6925604
1719351775.6929598
1719351777.4288006
1719351780.0894277
1719351780.0895176
1719351780.0920744
1719351780.0983114
1719351780.191254
1719351780.3075569
1719351780.3128164
1719351780.3166285
1719351780.4515703
1719351780.4578242
1719351780.4579036
1719351780.4596286
1719351780.6563396
1719351780.6570053
1719351780.6614444
1719351780.661849
1719351780.8440068
1719351780.8441951
1719351780.8443518
1719351780.85114
1719351781.0759041
1719351781.07604
1719351781.081253
1719351781.0817976
1719351781.2785492
1719351781.280069
1719351781.280874
1719351781.2874238
1719351781.4811282
1719351781.4815934
1719351781.4876463
1719351781.4886312
1719351781.5912344
1719351781.5914822
1719351781.702496
1719351781.7030041
1719351781.8713577
1719351781.8718767
1719351781.8722749
1719351781.8723423
1719351782.0664558
1719351782.0673413
1719351782.067409
1719351782.0724697
1719351782.2760115
1719351782.2787657
1719351782.2788692
1719351782.2802024
1719351782.39659
1719351782.545057
1719351782.5453851
1719351782.5525427
1719351782.5530148
1719351782.737626
1719351782.7396116
1719351782.7401216
1719351782.7427886
1719351782.7492595
1719351782.878456
1719351782.8804626
1719351782.8806725
1719351782.8868067
1719351783.0027018
1719351783.1094205
1719351783.1109035
1719351783.1119661
1719351783.3240924
1719351783.330837
1719351783.331583
1719351783.332411
1719351783.473899
1719351783.4794269
1719351783.47975
1719351783.4798284
1719351783.698604
1719351783.6986897
1719351783.69878
1719351783.7048135
1719351783.926024
1719351783.9266818
1719351783.933001
1719351783.9337144
1719351784.096226
1719351784.100233
1719351784.1027894
1719351784.1030033
1719351784.2789314
1719351784.2797725
1719351784.2848692
1719351784.2877357
1719351784.39991
1719351784.4992843
1719351784.6574862
1719351784.6611035
1719351784.6611786
1719351784.6622179
1719351784.8544655
1719351784.8552732
1719351784.8565314
1719351784.8565316
1719351785.010537
1719351785.010579
1719351785.0113761
1719351785.012553
1719351785.261153
1719351785.266531
1719351785.2693293
1719351785.269582
1719351785.4595876
1719351785.4602585
1719351785.4665055
1719351785.4670515
1719351785.594234
1719351785.5985792
1719351785.5990446
1719351785.600448
1719351788.1273224
1719351790.7306676
1719351790.7314181
1719351790.738643
1719351790.7389698
1719351791.0663273
1719351791.0670109
1719351791.0737143
1719351791.0847754
1719351791.1754587
1719351791.1761343
1719351791.177167
1719351791.2818859
1719351793.3858178
1719351795.7836337
1719351795.7840266
1719351795.7848904
1719351795.7849333
1719351796.0367887
1719351796.0435872
1719351796.044813
1719351796.0458252
1719351796.363594
1719351796.3661382
1719351796.3681097
1719351796.3681583
1719351796.3715234
1719351796.4810078
1719351796.488871
1719351796.4951987
1719351796.5850215
1719351796.5869298
1719351796.5921395
1719351796.7021549
1719351796.8361003
1719351796.836172
1719351796.8440044
1719351796.844251
1719351797.0675642
1719351797.0702124
1719351797.0722268
1719351797.0722833
1719351797.311943
1719351797.3160288
1719351797.316156
1719351797.3170981
1719351797.5010197
1719351797.50407
1719351797.5057962
1719351797.5065181
1719351797.6928108
1719351797.6939256
1719351797.6945653
1719351797.6961737
1719351797.7934632
1719351797.8831704
1719351797.8853838
1719351798.0280852
1719351798.0282376
1719351798.2955663
1719351798.2966766
1719351798.2968056
1719351798.2999208
1719351798.3936336
1719351798.3977325
1719351798.3988984
1719351798.4002411
1719351798.5756884
1719351798.5812924
1719351798.6359613
1719351798.6978838
1719351798.6982749
1719351803.5002887
1719351803.5016592
1719351803.5031512
1719351803.5088873
1719351803.6536474
1719351803.6599953
1719351803.661399
1719351803.6614714
1719351803.777937
1719351803.8845258
1719351803.8889587
1719351803.8965166
1719351803.8995707
1719351804.0699146
1719351804.0699794
1719351804.070126
1719351804.07523
1719351804.305186
1719351804.3052373
1719351804.306737
1719351804.3068042
1719351804.4429278
1719351804.4481933
1719351804.448855
1719351804.45001
1719351804.6909084
1719351804.6981628
1719351804.7018068
1719351804.7019444
1719351805.3011215
1719351805.414311
1719351805.4148679
1719351805.4211
1719351805.4227812
1719351805.4228473
1719351805.423313
1719351805.5360367
1719351805.5371714
1719351805.5380306
1719351805.5422797
1719351805.5486884
1719351805.63754
1719351805.6384997
1719351805.64127
1719351805.6434455
1719351805.644857
1719351805.7466865
1719351805.74701
1719351805.7471237
1719351805.8727136
1719351805.8727906
1719351805.8780787
1719351805.8781958
1719351806.063771
1719351806.0645142
1719351806.0669785
1719351806.0713158
1719351806.257815
1719351806.3099208
1719351806.376582
1719351806.4780273
1719351806.4835417
1719351806.4858563
1719351806.6747186
1719351806.6753745
1719351806.6756468
1719351806.680364
1719351806.8323843
1719351806.8344867
1719351806.8391933
1719351806.8393085
1719351807.0550063
1719351807.055097
1719351807.0555322
1719351807.0565562
1719351807.173544
1719351807.2757697
1719351807.28424
1719351807.2900774
1719351807.4091785
1719351807.4319115
1719351807.5183163
1719351807.520924
1719351807.8612497
1719351807.8632667
1719351807.8634052
1719351807.8682992
1719351807.8686879
1719351807.8693109
1719351807.8705404
1719351807.972821
1719351807.97366
1719351808.074542
1719351808.078673
1719351808.079383
1719351808.2123635
1719351808.2166462
1719351808.2187405
1719351808.219105
1719351808.451754
1719351808.4529417
1719351808.4577048
1719351808.4611707
1719351808.8686073
1719351808.8690615
1719351808.8721616
1719351808.8743277
1719351809.2661624
1719351813.0751393
1719351813.2609205
1719351813.26198
1719351813.2625308
1719351813.26716
1719351813.4674256
1719351813.4674528
1719351813.4689736
1719351813.4846327
1719351813.6588497
1719351813.659637
1719351813.6659334
1719351813.6662605
1719351813.8514962
1719351813.8516178
1719351813.8539631
1719351813.8554251
1719351814.032581
1719351814.0330408
1719351814.0332358
1719351814.0393324
1719351814.2426875
1719351814.2432363
1719351814.2440827
1719351814.2513828
1719351814.4747968
1719351814.4759395
1719351814.4771783
1719351814.4796672
1719351814.6495261
1719351814.6609468
1719351814.6652722
1719351814.666379
1719351814.7662995
1719351814.913934
1719351814.9172008
1719351814.9178836
1719351814.9181333
1719351815.032907
1719351815.0329885
1719351815.0385833
1719351815.038645
1719351815.1925657
1719351815.1956463
1719351815.2888854
1719351815.2943907
1719351815.4487607
1719351815.448977
1719351815.4513347
1719351815.4539657
1719351815.6470559
1719351815.653793
1719351815.654701
1719351815.654776
1719351815.8330498
1719351815.8373806
1719351815.8383987
1719351815.8392541
1719351816.0396817
1719351816.040155
1719351816.0411751
1719351816.048222
1719351816.2691436
1719351816.2757638
1719351816.2760978
1719351816.2765732
1719351816.4680505
1719351816.468749
1719351816.4752228
1719351816.4757237
1719351816.6439013
1719351816.648041
1719351816.6498952
1719351816.6520853
1719351817.0699801
1719351817.0759346
1719351817.0764005
1719351817.077381
1719351817.2767591
1719351817.2775555
1719351817.2850335
1719351817.2859764
1719351819.901323
1719351821.4258945
1719351821.4280815
1719351821.4322555
1719351821.4356356
1719351821.5883167
1719351821.592648
1719351821.592706
1719351821.5939198
1719351821.8568661
1719351821.8569999
1719351821.8647752
1719351821.8654983
1719351822.0561998
1719351822.0584867
1719351822.0595672
1719351822.0606585
1719351822.247631
1719351822.2484448
1719351822.2538571
1719351822.254967
1719351822.4561381
1719351822.4562492
1719351822.4582314
1719351822.463403
1719351822.6477048
1719351822.6481638
1719351822.6493719
1719351822.653611
1719351822.808351
1719351822.8119488
1719351822.812291
1719351822.8135524
1719351823.0825639
1719351823.0897636
1719351823.0923278
1719351823.094317
1719351823.231432
1719351823.23625
1719351823.2369182
1719351823.2375584
1719351823.5115926
1719351823.511654
1719351823.5119517
1719351823.5150764
1719351823.6280136
1719351823.6362402
1719351823.6415017
1719351823.7450914
1719351823.9755535
1719351823.976296
1719351823.9824746
1719351823.9827569
1719351824.1077843
1719351824.114375
1719351824.1145284
1719351824.1150234
1719351824.2826972
1719351824.2834783
1719351824.2874358
1719351824.2875307
1719351824.385893
1719351824.3877954
1719351824.39225
1719351824.4897902
1719351824.6162336
1719351824.6173573
1719351824.6231804
1719351824.6245458
1719351824.8723214
1719351824.8744597
1719351824.8784468
1719351824.8792977
1719351825.2029963
1719351825.2287633
1719351825.2351599
1719351825.2369626
1719351825.2371407
1719351828.274131
1719351829.852742
1719351829.8531642
1719351829.854522
1719351829.8592687
1719351830.0390136
1719351830.0396504
1719351830.0455787
1719351830.0456676
1719351830.2583473
1719351830.2609625
1719351830.261323
1719351830.2616887
1719351830.3848097
1719351835.0603137
1719351835.163368
1719351835.168668
1719351835.1695876
1719351835.2984889
1719351835.3053129
1719351835.3064275
1719351835.3171537
1719351835.418612
1719351835.418957
1719351835.4196389
1719351835.4199007
1719351835.59657
1719351835.597714
1719351835.603295
1719351835.6033568
1719351835.6929066
1719351835.8582997
1719351835.8583217
1719351835.8586934
1719351835.8595424
1719351836.0342875
1719351836.0345776
1719351836.0388842
1719351836.039564
1719351836.3240793
1719351836.3271477
1719351836.329577
1719351836.3323388
1719351836.4539278
1719351836.4603906
1719351836.4611313
1719351836.4612947
1719351836.5719926
1719351836.6769917
1719351836.678539
1719351836.6787324
1719351836.9692006
1719351836.9738257
1719351836.9744458
1719351836.9752512
1719351836.9784305
1719351836.9853516
1719351837.0996878
1719351837.1061041
1719351837.2154799
1719351837.216642
1719351837.2225761
1719351837.225192
1719351837.4282095
1719351837.433277
1719351837.4341261
1719351837.4358034
1719351837.6536984
1719351837.6538355
1719351837.6600041
1719351837.6611676
1719351837.8650725
1719351837.8711293
1719351837.8716094
1719351837.8724859
1719351837.9903944
1719351837.9906652
1719351838.1044858
1719351838.1134353
1719351838.2747192
1719351838.276101
1719351838.2830198
1719351838.2850354
1719351838.4508567
1719351838.4549649
1719351838.4568388
1719351838.4574852
1719351838.574139
1719351838.5818043
1719351838.6940005
1719351838.7012258
1719351839.0151634
1719351839.1315238
1719351839.1327727
1719351839.1339867
1719351839.240553
1719351839.242145
1719351839.245785
1719351839.3341572
1719351841.3480864
1719351843.5510979
1719351844.7021685
1719351844.702509
1719351844.7069228
1719351844.709113
1719351844.8594942
1719351844.8611574
1719351844.865831
1719351844.8671365
1719351844.9646554
1719351844.9700654
1719351844.9713125
1719351844.9717085
1719351845.2121842
1719351845.2129035
1719351845.2134414
1719351845.2161882
1719351845.471271
1719351845.4715986
1719351845.4722152
1719351845.4775105
1719351845.659992
1719351845.6600754
1719351845.660683
1719351845.6612952
1719351845.692168
1719351845.806158
1719351845.8073397
1719351845.8136265
1719351845.8148594
1719351846.0040045
1719351846.103279
1719351846.1048336
1719351846.1119337
1719351846.2833655
1719351846.2857318
1719351846.2878308
1719351846.288311
1719351846.421719
1719351846.4233913
1719351846.427304
1719351846.5010922
1719351846.539192
1719351846.6403017
1719351846.645814
1719351846.6461127
1719351846.6491263
1719351846.8216517
1719351846.8264287
1719351846.8279958
1719351846.8297818
1719351847.084235
1719351847.0870905
1719351847.0908108
1719351847.0912285
1719351847.214193
1719351847.21504
1719351847.3008046
1719351847.306998
1719351847.4719768
1719351847.4769375
1719351847.477527
1719351847.4808016
1719351847.6060302
1719351847.610011
1719351847.6114056
1719351847.6123405
1719351847.8703582
1719351847.8721035
1719351847.8724396
1719351847.8777049
1719351848.0539906
1719351848.0556426
1719351848.0610402
1719351848.061168
1719351848.4919987
1719351848.4923024
1719351848.492786
1719351848.4940736
1719351851.7770734
1719351852.7127347
1719351852.717956
1719351852.7188928
1719351852.720272
1719351852.851276
1719351852.857397
1719351852.857519
1719351852.8576097
1719351853.0595882
1719351853.0603635
1719351853.0623507
1719351853.0645878
1719351853.250271
1719351853.251182
1719351853.2520068
1719351853.2580867
1719351853.4532523
1719351853.453593
1719351853.4587526
1719351853.4591424
1719351853.6477787
1719351853.6479113
1719351853.6481287
1719351853.6565895
1719351853.836677
1719351853.8388433
1719351853.8415773
1719351853.8429234
1719351854.092245
1719351854.0969872
1719351854.0977237
1719351854.09958
1719351854.288073
1719351854.2887647
1719351854.2888398
1719351854.2897625
1719351854.4799957
1719351854.4804132
1719351854.484515
1719351854.4873145
1719351854.7680156
1719351854.77424
1719351854.7760766
1719351854.778545
1719351854.9306216
1719351854.931374
1719351854.9323444
1719351854.9329972
1719351855.207669
1719351855.3083642
1719351855.3096015
1719351855.3133304
1719351855.4699383
1719351855.472387
1719351855.4744606
1719351855.4779117
1719351855.6454463
1719351855.6500947
1719351855.650791
1719351855.6616287
1719351855.9064198
1719351855.9177587
1719351855.9178061
1719351855.918
1719351856.241308
1719351856.2470152
1719351856.2481575
1719351856.250872
1719351857.0743291
1719351860.2531738
1719351860.258399
1719351860.2593415
1719351860.2599554
1719351860.3682244
1719351860.3685884
1719351860.3691256
1719351860.376339
1719351860.6293564
1719351860.6351275
1719351860.6364102
1719351860.6377323
1719351860.7572591
1719351860.8463938
1719351860.846831
1719351860.848857
1719351860.9755065
1719351861.0766997
1719351861.082894
1719351861.0841293
1719351861.0860174
1719351861.2665737
1719351861.2724078
1719351861.2739766
1719351861.2751546
1719351861.4356518
1719351861.4369557
1719351861.4396846
1719351861.4406686
1719351861.6502128
1719351861.6510382
1719351861.6556282
1719351861.656827
1719351861.8551006
1719351861.8552403
1719351861.8553178
1719351861.8662388
1719351862.0133545
1719351862.013638
1719351862.0149627
1719351862.0212367
1719351862.283013
1719351862.2839458
1719351862.287906
1719351862.2888627
1719351862.3087068
1719351862.4795673
1719351862.4797134
1719351862.4802399
1719351862.4843645
1719351862.6488023
1719351862.649022
1719351862.6516824
1719351862.6541305
1719351862.910133
1719351862.9115713
1719351862.9157112
1719351862.9195065
1719351863.0534813
1719351863.0538833
1719351863.0541608
1719351863.0600317
1719351863.2764797
1719351863.2799027
1719351863.2830987
1719351863.284559
1719351863.4122097
1719351863.4159632
1719351863.4165788
1719351863.5188153
1719351863.6481338
1719351863.6530726
1719351863.6543834
1719351863.6550064
1719351864.0035803
1719351864.0085614
1719351864.008594
1719351864.0087814
1719351864.1707637
1719351864.1714227
1719351864.1714954
1719351864.1780827
1719351864.2983212
1719351864.3031445
1719351864.304186
1719351864.3069012
1719351864.437969
1719351864.4401715
1719351864.4412396
1719351864.4422374
1719351864.9608626
1719351864.963298
1719351864.9654367
1719351864.9692519
1719351867.5644343
1719351872.4073398
1719351872.4075582
1719351872.4142642
1719351872.415135
1719351872.6702147
1719351872.6702805
1719351872.6709676
1719351872.678263
1719351872.7867994
1719351872.8711238
1719351872.8717203
1719351872.8724842
1719351872.8727808
1719351872.9752626
1719351873.0728161
1719351873.0784063
1719351873.0796032
1719351873.222468
1719351873.2256048
1719351873.230157
1719351873.2311053
1719351873.410427
1719351873.413694
1719351873.4153738
1719351873.4165678
1719351873.6075923
1719351873.6084373
1719351873.614546
1719351873.717163
1719351873.8244188
1719351873.827761
1719351873.8317354
1719351873.8334236
1719351873.9833996
1719351873.9835877
1719351874.1117153
1719351874.111967
1719351874.4931571
1719351874.4941747
1719351874.5001388
1719351874.5044417
1719351874.6115193
1719351874.6167233
1719351874.6197627
1719351874.7242515
1719351876.246769
1719351878.0740092
1719351881.2352316
1719351881.2416694
1719351881.2420182
1719351881.242876
1719351881.4231083
1719351881.4248755
1719351881.4249747
1719351881.4318945
1719351881.6346254
1719351881.636536
1719351881.636597
1719351881.6367176
1719351881.8306139
1719351881.8308969
1719351881.8309293
1719351881.8311987
1719351882.0518746
1719351882.0520396
1719351882.0563626
1719351882.0565417
1719351882.2565753
1719351882.2573762
1719351882.258423
1719351882.2613602
1719351882.4714592
1719351882.4765038
1719351882.477191
1719351882.478092
1719351882.5768654
1719351882.5771952
1719351882.6890626
1719351882.6905022
1719351882.894128
1719351882.8950038
1719351882.9002092
1719351882.902229
1719351883.2691875
1719351883.2705054
1719351883.2738543
1719351883.2742364
1719351883.3511043
1719351887.4214315
1719351887.4216998
1719351887.4248097
1719351887.425787
1719351887.6229188
1719351887.6239276
1719351887.6240416
1719351887.6333437
1719351887.8115995
1719351887.8163898
1719351887.918318
1719351887.91839
1719351888.0867214
1719351888.1868749
1719351888.1883895
1719351888.1886601
1719351888.3017483
1719351888.3049176
1719351888.3067548
1719351888.3952806
1719351888.4013042
1719351888.405649
1719351888.5128336
1719351888.5178638
1719351888.684819
1719351888.6852512
1719351888.690521
1719351888.6929028
1719351888.7193813
1719351888.8860781
1719351888.8868685
1719351888.887158
1719351888.8921285
1719351889.2716908
1719351889.2766771
1719351889.2777746
1719351889.278519
1719351891.3637192
1719351894.0474443
1719351894.8900843
1719351894.8911903
1719351894.8968925
1719351894.898394
1719351895.2137125
1719351895.2148612
1719351895.2149491
1719351895.2206264
1719351895.4018588
1719351895.4035287
1719351895.406238
1719351895.4074686
1719351895.4086058
1719351895.4089463
1719351895.4094012
1719351895.4971058
1719351895.6322308
1719351895.6355298
1719351895.638628
1719351895.6394765
1719351895.874176
1719351895.874861
1719351895.8796268
1719351895.881049
1719351896.0392158
1719351896.0400445
1719351896.0404184
1719351896.043245
1719351896.5096395
1719351896.514242
1719351896.5143116
1719351896.5147932
1719351899.2968032
1719351900.3887074
1719351900.3918169
1719351900.3926415
1719351900.3931787
1719351900.6474366
1719351900.653015
1719351900.653046
1719351900.6564271
1719351900.7474456
1719351900.7487075
1719351900.7544258
1719351900.85447
1719351901.0089555
1719351901.018401
1719351901.0184581
1719351901.0185392
1719351901.2241688
1719351901.224415
1719351901.2253156
1719351901.2310002
1719351901.4674752
1719351901.4738808
1719351901.4746997
1719351901.4755125
1719351901.7341404
1719351901.740649
1719351901.7423995
1719351901.7444704
1719351901.957184
1719351901.9577801
1719351901.9581304
1719351901.958782
1719351902.0906446
1719351902.0906816
1719351902.0976582
1719351902.097681
1719351904.4443772
1719351906.4489563
1719351906.4557493
1719351906.4560528
1719351906.4564395
1719351906.6099539
1719351906.7116613
1719351906.718777
1719351906.7196236
1719351906.7250924
1719351907.3002024
1719351907.301604
1719351907.303982
1719351907.3076153
1719351907.4050262
1719351907.4071283
1719351907.4118474
1719351907.4133782
1719351907.6700344
1719351907.6728377
1719351907.785877
1719351907.7920105
1719351907.8917825
1719351907.893999
1719351907.8991282
1719351907.9000132
1719351908.2601938
1719351908.2607818
1719351908.261471
1719351908.2640095
1719351909.684888
1719351914.6692379
1719351914.6705294
1719351914.674007
1719351914.6762502
1719351914.8175082
1719351914.8212805
1719351914.8225133
1719351914.823831
1719351914.9138637
1719351914.9648964
1719351914.9692173
1719351914.974135
1719351914.9748287
1719351915.254066
1719351915.2544115
1719351915.2548692
1719351915.2560632
1719351915.4905355
1719351915.4958854
1719351915.497158
1719351915.4987829
1719351915.6761358
1719351915.6792445
1719351915.6828573
1719351915.6841366
1719351915.794017
1719351915.7941337
1719351915.875472
1719351915.8881881
1719351916.0325584
1719351916.0329375
1719351916.033561
1719351916.0405905
1719351916.1859155
1719351916.1913817
1719351916.303369
1719351916.3070304
1719351916.491195
1719351916.4913256
1719351916.4925163
1719351916.4939556
1719351916.6756427
1719351916.681315
1719351916.6817443
1719351916.6836565
1719351916.8556247
1719351916.8561752
1719351916.8603559
1719351916.862129
1719351917.0405235
1719351917.0410686
1719351917.0467868
1719351917.047064
1719351917.229963
1719351917.2312496
1719351917.236383
1719351917.236525
1719351917.5028138
1719351917.5039904
1719351917.504895
1719351917.505315
1719351917.6198077
1719351917.6206825
1719351917.7123418
1719351917.7164721
1719351917.8508937
1719351917.8520193
1719351917.8521433
1719351917.8534098
1719351918.0516036
1719351918.0530014
1719351918.0539062
1719351918.0587845
1719351918.2976816
1719351918.3051686
1719351918.3068657
1719351918.3069692
1719351918.4424157
1719351918.4437826
1719351918.443869
1719351918.4477003
1719351918.684344
1719351918.684419
1719351918.6866677
1719351918.690981
1719351919.0645826
1719351919.0654798
1719351919.0669167
1719351919.071144
1719351919.2138762
1719351919.2218373
1719351919.2235458
1719351919.2236617
1719351919.3869734
1719351919.4855235
1719351919.4888756
1719351919.4937875
1719351920.2940714
1719351921.867243
1719351923.8788364
1719351923.879442
1719351923.8797727
1719351923.8989944
1719351924.0632217
1719351924.0697002
1719351924.0699778
1719351924.0703776
1719351925.4079604
1719351928.8820891
1719351928.8838952
1719351928.8839471
1719351928.8840108
1719351929.081863
1719351929.0822453
1719351929.085128
1719351929.0882337
1719351929.2646215
1719351929.267243
1719351929.2690432
1719351929.2705638
1719351929.465028
1719351929.4665058
1719351929.4667509
1719351929.467809
1719351929.652154
1719351929.6579916
1719351929.9238844
1719351929.9294703
1719351929.9308689
1719351929.935074
1719351930.0637584
1719351930.064255
1719351930.0696695
1719351930.0713272
1719351930.278767
1719351930.2860327
1719351930.2874758
1719351930.2881277
1719351930.4228787
1719351930.427636
1719351930.4292095
1719351930.4301252
1719351930.6054618
1719351930.6117604
1719351930.6163926
1719351930.677441
1719351930.7153666
1719351930.806138
1719351930.8065743
1719351930.8071387
1719351930.8115058
1719351931.0674272
1719351931.0691743
1719351931.069555
1719351931.077152
1719351931.266212
1719351931.2711966
1719351931.2720988
1719351931.2732456
1719351931.4172952
1719351931.4173794
1719351931.4221873
1719351931.423954
1719351931.7677212
1719351931.7738826
1719351931.8563108
1719351931.8578434
1719351932.0013187
1719351932.0089407
1719351932.0092506
1719351932.00939
1719351932.3372905
1719351932.33742
1719351932.337919
1719351932.3430958
1719351932.4681637
1719351932.4751267
1719351932.479337
1719351932.482921
1719351932.645217
1719351932.6479506
1719351932.6494002
1719351932.650444
1719351935.9238462
1719351937.0950403
1719351937.258544
1719351937.263096
1719351937.2652986
1719351937.2654185
1719351937.5884235
1719351937.5885797
1719351937.5896928
1719351937.711627
1719351937.8534627
1719351937.8548443
1719351937.8548748
1719351937.8553717
1719351937.9755657
1719351937.9774425
1719351937.98251
1719351938.0977824
1719351938.325128
1719351938.325422
1719351938.3277571
1719351938.3303063
1719351938.784301
1719351938.786594
1719351938.791774
1719351938.7919183
1719351938.889614
1719351938.890161
1719351938.8998966
1719351938.9008036
1719351939.0609276
1719351939.0673296
1719351939.0673864
1719351939.068936
1719351939.4184449
1719351939.5226135
1719351939.5267928
1719351939.528086
1719351939.6848288
1719351939.6876183
1719351939.6893826
1719351939.6913776
1719351941.1884282
1719351943.9948018
1719351943.9982164
1719351944.0015168
1719351944.0023851
1719351944.3418922
1719351944.342415
1719351944.3478482
1719351944.3489473
1719351944.4609282
1719351944.4672103
1719351944.4682822
1719351944.4708407
1719351944.5706105
1719351944.6708746
1719351944.6711035
1719351944.8512692
1719351944.8552377
1719351944.8580937
1719351944.862231
1719351945.2353685
1719351945.2379158
1719351945.24013
1719351945.2407618
1719351945.339112
1719351946.3913703
1719351949.470107
1719351949.4707816
1719351949.475184
1719351949.4769678
1719351951.5976384
1719351952.3252122
1719351954.2130058
1719351954.2130609
1719351954.216871
1719351954.221367
1719351954.4916883
1719351954.4919834
1719351954.498979
1719351954.5062966
1719351954.6507165
1719351954.6507447
1719351954.6524954
1719351954.6538064
1719351954.94588
1719351954.9513562
1719351954.9520054
1719351954.9524071
1719351955.1434069
1719351955.1435878
1719351955.1449761
1719351955.1526785
1719351955.5044227
1719351955.5044959
1719351955.5054286
1719351955.5105426
1719351955.7101376
1719351955.7101638
1719351955.7150366
1719351955.7151213
1719351955.8310757
1719351955.8314762
1719351955.8379133
1719351955.838784
1719351956.2758596
1719351956.2760952
1719351956.281074
1719351956.2813513
1719351956.7856634
1719351960.2476861
1719351960.2479599
1719351960.251058
1719351960.2552314
1719351960.360532
1719351960.4547067
1719351960.4563615
1719351960.456628
1719351960.6335902
1719351960.634332
1719351960.639902
1719351960.6399782
1719351960.873672
1719351960.879202
1719351960.9801965
1719351960.9857202
1719351961.0778313
1719351961.0797784
1719351961.08441
1719351961.0880191
1719351962.089257
1719351967.2578473
1719351967.5238245
1719351972.4240215
1719351973.9051018
1719351973.9084165
1719351973.9098506
1719351973.9110808
1719351974.0915866
1719351974.0928266
1719351974.0929508
1719351974.095173
1719351974.247933
1719351974.2537255
1719351974.2540088
1719351974.2542667
1719351974.4304852
1719351974.4317594
1719351974.4342732
1719351974.4346492
1719351977.6147342
1719351980.0589228
1719351980.059341
1719351980.0606022
1719351980.0669177
1719351980.2331896
1719351980.2346368
1719351980.2387707
1719351980.2407184
1719351980.4575787
1719351980.4596283
1719351980.464799
1719351980.464838
1719351980.6463072
1719351980.6466062
1719351980.6504693
1719351980.6544795
1719351980.936278
1719351980.9364903
1719351980.9367328
1719351980.9374971
1719351981.0318787
1719351981.0341973
1719351981.0382724
1719351981.038412
1719351981.2666292
1719351981.2689025
1719351981.270841
1719351981.2796445
1719351981.3944485
1719351981.4017296
1719351981.4026098
1719351981.4924579
1719351981.7109344
1719351981.7136502
1719351981.7148814
1719351981.7172556
1719351982.7091055
1719351982.9951863
1719351988.1180325
1719351992.7658217
1719351992.7664456
1719351992.7667487
1719351992.7717695
1719351992.9884367
1719351992.9903612
1719351992.9906511
1719351992.991412
1719351993.278729
1719351993.2788048
1719351993.281419
1719351993.2819448
1719351993.4386194
1719351993.4631555
1719351993.4633899
1719351993.4634926
1719351993.4646955
1719351993.6323962
1719351993.6339457
1719351993.6354373
1719351993.6430619
1719351997.8319132
1719351998.6985862
1719351999.4486842
1719351999.4537628
1719351999.457327
1719351999.457388
1719351999.7122164
1719351999.713354
1719351999.7139425
1719351999.7191293
1719351999.8463006
1719351999.8465743
1719351999.8476562
1719351999.8554482
1719352000.140703
1719352000.1411273
1719352000.1430197
1719352000.1497085
1719352000.488669
1719352000.4947047
1719352000.495481
1719352000.4957283
1719352000.6748278
1719352000.6810424
1719352000.7811694
1719352000.7814963
1719352003.8110173
1719352008.998398
1719352011.479671
1719352011.4867456
1719352011.488092
1719352011.4882796
1719352011.629373
1719352011.636312
1719352011.6388578
1719352011.644021
1719352011.824144
1719352011.8246207
1719352011.8288257
1719352011.8290389
1719352011.9697523
1719352011.976401
1719352011.9775624
1719352011.9790154
1719352012.1634145
1719352012.1642032
1719352012.2625957
1719352012.2680204
1719352012.3894644
1719352012.396134
1719352012.3963716
1719352012.3970194
1719352012.6478665
1719352012.6548839
1719352012.6553247
1719352012.6673865
1719352012.7792826
1719352012.7810154
1719352012.7815332
1719352012.7816033
1719352013.0035155
1719352013.069634
1719352013.0699515
1719352013.0757716
1719352013.0760324
1719352013.384882
1719352013.3860042
1719352013.5016596
1719352013.5023515
1719352014.2458827
1719352015.041764
1719352019.0246577
1719352019.030007
1719352019.030556
1719352019.0322468
1719352019.2498386
1719352019.2500753
1719352019.2503033
1719352019.2514002
1719352019.4487615
1719352024.6740248
1719352030.198863
1719352030.2198398
1719352030.7695308
1719352030.7696626
1719352030.7703733
1719352030.7773304
1719352030.9440973
1719352030.9451408
1719352030.951078
1719352030.951747
1719352031.0930586
1719352031.0945337
1719352031.0946229
1719352031.0955713
1719352035.413274
1719352036.7670913
1719352036.857844
1719352036.8592725
1719352036.8719535
1719352037.0178025
1719352037.0242085
1719352037.0242655
1719352037.0301883
1719352037.2948165
1719352037.29568
1719352037.2960083
1719352037.2961297
1719352037.3798153
1719352037.388773
1719352037.3911457
1719352037.4891276
1719352037.6089706
1719352037.613572
1719352037.6143944
1719352037.615263
1719352037.7612193
1719352037.8668208
1719352037.8674226
1719352037.8677783
1719352038.1599293
1719352038.1603866
1719352038.1666903
1719352038.1680493
1719352038.3224595
1719352038.3225229
1719352038.3267713
1719352038.327606
1719352038.4751604
1719352038.4783304
1719352038.4786403
1719352038.481215
1719352038.612664
1719352038.612664
1719352038.6187303
1719352038.72958
1719352038.867305
1719352038.8673792
1719352038.8683746
1719352038.87479
1719352039.1260648
1719352039.1317968
1719352039.1353538
1719352039.2367146
1719352039.2375839
1719352039.239172
1719352039.2444603
1719352039.2474358
1719352039.382886
1719352039.4779248
1719352039.4837983
1719352039.4841278
1719352040.6214325
1719352045.4495668
1719352045.7441921
1719352047.2557235
1719352047.2566068
1719352047.2605386
1719352047.2626917
1719352047.4537125
1719352047.4549403
1719352047.4581275
1719352047.4591298
1719352047.6564403
1719352047.6598883
1719352047.6613698
1719352047.6636612
1719352047.851286
1719352047.8541925
1719352047.8588727
1719352047.863805
1719352047.9694455
1719352047.971427
1719352047.977325
1719352048.0794713
1719352048.2083268
1719352048.21059
1719352048.2146373
1719352048.2157502
1719352048.4630713
1719352048.4657145
1719352048.470243
1719352048.4717062
1719352048.6159449
1719352048.6159825
1719352048.620872
1719352048.621201
1719352048.8392513
1719352048.8426168
1719352048.8466597
1719352048.8473516
1719352048.999235
1719352049.0002956
1719352049.0051744
1719352049.006491
1719352049.2587683
1719352049.2631285
1719352049.2632027
1719352049.420401
1719352049.4256444
1719352049.4257963
1719352049.4316208
1719352049.5885918
1719352049.589998
1719352049.6959023
1719352049.697006
1719352049.8671281
1719352049.8745782
1719352049.8754168
1719352049.8779597
1719352050.028941
1719352050.0296078
1719352050.0353189
1719352050.039331
1719352050.2462566
1719352050.2523584
1719352050.2534304
1719352050.253957
1719352050.4151464
1719352050.5131285
1719352050.5165765
1719352050.5179203
1719352050.6635358
1719352050.664135
1719352050.6661694
1719352050.6715198
1719352050.7992358
1719352050.8007667
1719352050.8014698
1719352050.9271712
1719352051.1310747
1719352051.1635282
1719352051.170146
1719352051.17072
1719352051.1713164
1719352051.2930255
1719352051.2979844
1719352051.2991278
1719352051.3079093
1719352051.838794
1719352051.8401294
1719352051.8407347
1719352051.8407967
1719352056.3057575
1719352060.4775312
1719352060.4787216
1719352060.4848125
1719352060.485199
1719352060.646476
1719352060.6510265
1719352060.6514564
1719352060.6521251
1719352060.6566658
1719352060.7652924
1719352060.7698748
1719352060.7702987
1719352060.8751016
1719352061.037576
1719352061.045626
1719352061.0467362
1719352061.046991
1719352061.1566308
1719352061.2634962
1719352061.2638006
1719352061.2645235
1719352061.461213
1719352061.4617314
1719352061.4686315
1719352061.4704359
1719352061.575475
1719352061.6049387
1719352061.6115468
1719352061.6116252
1719352061.6129622
1719352061.9127758
1719352061.9157383
1719352061.9183486
1719352061.9201324
1719352062.0670667
1719352062.067456
1719352062.067456
1719352062.0677943
1719352062.2018304
1719352062.2077298
1719352062.3135366
1719352062.3197794
1719352062.3908725
1719352062.4275973
1719352062.4285867
1719352062.4288175
1719352062.4344008
1719352062.8570576
1719352062.859328
1719352062.8641295
1719352062.868756
1719352063.0819411
1719352063.0836732
1719352063.0873199
1719352063.0905604
1719352066.980888
1719352067.2633076
1719352067.2689052
1719352067.2723224
1719352067.2724595
1719352067.450032
1719352067.456124
1719352067.4574583
1719352067.4585226
1719352067.6401947
1719352067.6450045
1719352067.6450982
1719352067.6457708
1719352068.0073714
1719352068.0083523
1719352068.0138175
1719352068.0143945
1719352071.6186085
1719352071.6196258
1719352071.6253278
1719352071.6259372
1719352071.7930522
1719352071.795435
1719352071.7988958
1719352071.8008292
1719352072.0347018
1719352072.036754
1719352072.0417316
1719352072.044269
1719352072.2490525
1719352072.3506582
1719352072.35113
1719352072.3560774
1719352072.361165
1719352072.5108929
1719352072.5117378
1719352072.5119169
1719352072.517723
1719352072.6411636
1719352072.6425385
1719352072.642797
1719352072.6437933
1719352072.8076656
1719352072.8094313
1719352072.913936
1719352072.9257615
1719352073.048881
1719352073.0553303
1719352073.055813
1719352073.0560484
1719352073.272706
1719352073.2738123
1719352073.2741404
1719352073.2767944
1719352073.4752371
1719352073.481379
1719352073.4824467
1719352073.4839795
1719352073.6823256
1719352073.6828775
1719352073.6898565
1719352073.6899176
1719352073.8028722
1719352073.920897
1719352073.926514
1719352073.9281898
1719352074.2756517
1719352074.2772043
1719352074.277501
1719352074.2845902
1719352074.413924
1719352074.414784
1719352074.4235427
1719352074.4258733
1719352074.6393497
1719352074.6445644
1719352074.6449554
1719352074.645027
1719352075.8702085
1719352077.7238567
1719352079.4507158
1719352079.4560497
1719352079.4578831
1719352079.4584095
1719352082.9353347
1719352084.1843002
1719352084.1934524
1719352084.1935697
1719352084.1936486
1719352084.4382164
1719352084.4432483
1719352084.443743
1719352084.4451342
1719352084.771657
1719352084.7725298
1719352084.774171
1719352084.779906
1719352084.9563913
1719352084.9615135
1719352084.9622774
1719352084.963397
1719352085.4293642
1719352085.4301753
1719352085.4411447
1719352085.5439148
1719352085.6692855
1719352085.6728904
1719352085.672998
1719352085.6762183
1719352085.912163
1719352085.912823
1719352085.918915
1719352085.9203174
1719352086.052836
1719352086.058791
1719352086.0591023
1719352086.0592446
1719352086.3357985
1719352086.339883
1719352086.3436604
1719352086.344286
1719352086.4491017
1719352086.4550378
1719352086.4562178
1719352086.4564657
1719352086.6779153
1719352086.6788063
1719352086.678851
1719352086.6838005
1719352087.0101283
1719352087.0102558
1719352087.0153806
1719352087.0154762
1719352087.257943
1719352087.259289
1719352087.2593703
1719352087.2606795
1719352087.4603705
1719352087.4622715
1719352087.4670312
1719352087.4677577
1719352088.139411
1719352091.0056665
1719352091.4876647
1719352091.4941838
1719352091.4945927
1719352091.5012906
1719352091.5789907
1719352091.585788
1719352091.5861452
1719352091.5884442
1719352091.8114364
1719352091.8125012
1719352091.814141
1719352091.815234
1719352092.0298774
1719352092.0313737
1719352092.036343
1719352092.0381026
1719352092.2636878
1719352092.2637916
1719352092.2648523
1719352092.271431
1719352092.4661949
1719352092.471474
1719352092.4724686
1719352092.4739738
1719352092.6820319
1719352092.6823874
1719352092.6828866
1719352092.6898372
1719352092.9819007
1719352092.9844847
1719352092.9849045
1719352092.9850242
1719352093.1219225
1719352093.122056
1719352093.124932
1719352093.1291654
1719352093.2562969
1719352093.2623343
1719352093.26324
1719352093.2634995
1719352093.311728
1719352093.422265
1719352093.4297233
1719352093.4318702
1719352093.432005
1719352093.8341267
1719352093.836878
1719352093.8414037
1719352093.8416355
