1719254355.1103241
1719254355.3327348
1719254355.560248
1719254355.7825491
1719254356.0753047
1719254356.326766
1719254356.557059
1719254356.7870088
1719254357.0696335
1719254357.2989998
1719254357.6029177
1719254357.9316313
1719254358.1591556
1719254358.3814518
1719254358.6999285
1719254358.932283
1719254359.1545765
1719254359.3917801
1719254359.703933
1719254359.9430025
----------
1719254380.1802547
1719254380.5206203
1719254380.7631829
1719254380.9853928
1719254381.2407277
1719254381.5402493
1719254381.7684348
1719254381.9906652
1719254382.2658591
----------
1719254387.9408233
1719254388.1682699
1719254388.3905666
1719254388.7004786
1719254388.9300423
1719254389.1523519
1719254389.3746898
1719254389.5970168
1719254389.887909
----------
1719254394.3765185
1719254394.6813128
1719254394.9209204
----------
1719254397.9144216
1719254398.1366615
1719254398.3589287
1719254398.581259
1719254398.8769097
1719254399.1089456
1719254399.3391955
1719254399.5669081
1719254399.7892087
1719254400.0738335
----------
1719254407.9307
1719254408.1529562
1719254408.375094
1719254408.5973413
1719254408.8410492
1719254409.0933688
1719254409.3260183
1719254409.5721803
1719254409.7945588
1719254410.0457993
1719254410.26951
----------
1719254416.1387181
1719254416.360965
1719254416.603498
----------
1719254418.6726213
1719254418.8949215
1719254419.122732
1719254419.3583996
1719254419.5973158
1719254419.868514
1719254420.101417
----------
1719254424.1188014
1719254424.3487144
1719254424.5723426
----------
1719254429.1551924
1719254429.3774698
1719254429.6057649
----------
1719254437.736509
1719254437.9588027
1719254438.1861854
1719254438.521919
1719254438.7576554
----------
1719254443.164628
1719254443.392068
1719254443.6279783
1719254443.926688
----------
1719254465.7365432
1719254465.9658284
----------
1719254470.3563836
1719254470.5912573
1719254470.9773526
----------
1719254475.9676073
1719254476.1898813
1719254476.5246398
1719254476.75596
1719254476.9782798
1719254477.2839918
1719254477.5231283
1719254477.7535467
----------
1719254481.964841
1719254482.1871831
1719254482.5246544
1719254482.76689
1719254482.9892058
1719254483.3023107
1719254483.5946457
1719254483.9012952
1719254484.1236851
----------
1719254487.9782891
1719254488.2380493
1719254488.528926
1719254488.7809432
----------
1719254496.145595
1719254496.367915
1719254496.5984075
1719254496.8712034
1719254497.1222835
----------
1719254502.6945503
1719254502.9168816
1719254503.1392045
1719254503.3614266
1719254503.5893815
----------
1719254508.678992
1719254508.9116895
----------
1719254514.790598
1719254515.0819612
1719254515.304269
1719254515.5495625
----------
1719254520.7717676
1719254520.994108
1719254521.2653537
----------
1719254531.6997817
1719254531.9285052
1719254532.1507146
1719254532.3729203
1719254532.5950773
1719254532.8625867
----------
1719254537.7629144
1719254537.9851456
1719254538.3002462
1719254538.5226147
----------
1719254546.807948
1719254547.0402308
----------
1719254550.7743616
1719254550.9966562
1719254551.2776225
1719254551.5327406
----------
1719254556.1745403
1719254556.3969185
1719254556.740101
----------
1719254564.1407087
1719254564.3630033
1719254564.5904758
1719254564.877712
1719254565.1265547
1719254565.3488646
1719254565.5732913
----------
1719254570.1534545
1719254570.3756955
1719254570.5980344
1719254570.832335
1719254571.0924504
1719254571.3146622
1719254571.6047933
----------
1719254575.9126844
1719254576.2289784
1719254576.4652267
1719254576.702752
1719254576.9298768
----------
1719254582.1591449
1719254582.3813674
1719254582.706304
----------
