1719255374.2181082
1719255374.3584387
1719255374.505066
1719255374.7154675
1719255374.9059262
1719255375.095694
1719255375.2235656
----------
1719255377.9775934
1719255378.137184
1719255378.2926276
1719255378.4400144
1719255378.5623238
----------
1719255382.2769792
1719255382.5078366
1719255382.6363816
1719255382.782105
1719255383.0011184
1719255383.1428332
1719255383.3004234
1719255383.4963644
----------
1719255388.3423128
1719255388.536519
1719255388.668549
1719255388.8765888
1719255389.0972779
1719255389.230215
1719255389.3539586
1719255389.4966972
1719255389.649181
1719255389.850874
----------
1719255393.4863255
1719255393.6785078
1719255393.869361
1719255394.037271
1719255394.167997
1719255394.314082
1719255394.497052
1719255394.646073
1719255394.7750497
1719255394.8972492
1719255395.170708
1719255395.3213723
----------
1719255398.7470417
1719255398.9262872
1719255399.1178484
1719255399.2462664
1719255399.4293544
1719255399.5694675
1719255399.7280552
1719255399.8502722
1719255400.0062003
1719255400.135962
1719255400.2881913
1719255400.4960241
1719255400.6918905
1719255400.8326862
1719255401.0506024
1719255401.305771
1719255401.4489253
1719255401.725309
1719255401.8854704
1719255402.083473
1719255402.2109234
1719255402.3484592
1719255402.4707026
1719255402.6760712
1719255402.8032994
1719255402.9309785
1719255403.0889626
1719255403.2689261
1719255403.417206
1719255403.5599217
1719255403.6820745
1719255403.8427184
1719255403.990856
1719255404.1188474
----------
1719255416.630405
1719255416.7591035
1719255416.9103293
1719255417.0367978
1719255417.1786394
1719255417.3572695
1719255417.522206
1719255417.7002373
1719255417.8275096
1719255417.972739
1719255418.112541
1719255418.2465475
1719255418.3760247
1719255418.5094006
1719255418.6457393
1719255418.7940419
1719255419.020564
1719255419.1789498
1719255419.3160186
1719255419.5053039
1719255419.635658
1719255419.811197
1719255419.9925506
1719255420.1184278
1719255420.2467244
1719255420.4791987
1719255420.6376636
1719255420.7598307
1719255420.8907907
1719255421.0425513
----------
1719255429.4746988
1719255429.6144164
1719255429.754258
1719255429.9980145
1719255430.1202164
1719255430.242934
1719255430.3709934
1719255430.5029268
1719255430.6322236
1719255430.7666593
1719255431.028212
1719255431.1990142
1719255431.3494985
1719255431.55649
----------
1719255431.9312243
1719255432.1100023
1719255432.2369998
1719255432.359133
1719255432.483604
1719255432.6341584
1719255432.7697237
1719255432.9675653
1719255433.0897293
1719255433.2759008
1719255433.4375486
1719255433.5692794
1719255433.732942
1719255433.8603086
1719255433.998467
1719255434.13212
1719255434.303418
1719255434.443566
1719255434.5758014
1719255434.704869
1719255434.829785
1719255435.0849502
1719255435.2291095
1719255435.361392
----------
1719255445.61173
1719255445.7504976
1719255445.9111907
1719255446.0434375
1719255446.263656
1719255446.4665961
1719255446.6662416
1719255446.839987
1719255447.0632634
1719255447.2396774
1719255447.3970585
1719255447.594361
1719255447.7318225
1719255447.860565
1719255448.0057032
1719255448.1497185
1719255448.3114622
1719255448.458595
1719255448.5848105
1719255448.734202
1719255448.913389
1719255449.1067295
1719255449.2340448
1719255449.4276319
1719255449.5770087
1719255449.7189806
1719255449.8847656
1719255450.026968
1719255450.1511154
1719255450.284505
1719255450.420144
----------
1719255458.6980505
1719255458.8492382
1719255458.9713736
1719255459.1350226
1719255459.2708993
1719255459.4935071
1719255459.6497948
1719255459.8685834
1719255460.0224438
1719255460.173344
1719255460.3064396
----------
1719255466.7261424
1719255466.9083762
1719255467.07085
1719255467.2846293
1719255467.4964182
1719255467.6193972
1719255467.7505875
1719255467.981705
1719255468.1211066
1719255468.2573817
1719255468.447631
1719255468.5777364
1719255468.7466578
1719255468.8824165
1719255469.0305128
1719255469.1736217
1719255469.3152804
1719255469.4973042
1719255469.6243467
1719255469.7564907
1719255469.8952937
1719255470.0299053
1719255470.1525478
1719255470.3237445
1719255470.5136878
1719255470.6427777
1719255470.82851
1719255471.055386
1719255471.1868992
1719255471.3253646
1719255471.458903
----------
1719255479.9984598
1719255480.1545396
1719255480.3396006
1719255480.502863
1719255480.630611
1719255480.7605643
1719255481.0085948
1719255481.174071
1719255481.3167102
1719255481.5163834
1719255481.644694
1719255481.7779083
1719255481.900074
1719255482.0231156
1719255482.1519215
1719255482.3258212
1719255482.5002747
1719255482.6229937
1719255482.7547905
1719255482.9022183
1719255483.0564346
1719255483.1787767
1719255483.307527
----------
1719255489.570323
1719255489.7282155
1719255489.8575737
1719255490.013717
1719255490.1361072
1719255490.2655685
1719255490.4791493
1719255490.6119347
1719255490.7345152
1719255490.8617914
1719255491.0358572
1719255491.1846945
1719255491.3630083
1719255491.488186
1719255491.628553
1719255491.781014
1719255491.9868865
1719255492.114419
1719255492.27271
1719255492.41982
1719255492.560091
1719255492.6978884
----------
1719255501.2645814
1719255501.4357076
1719255501.5901766
1719255501.7580812
1719255501.9186704
1719255502.0409229
1719255502.1707096
1719255502.364399
1719255502.5247862
1719255502.6566892
1719255502.8765519
1719255503.103625
1719255503.2309146
1719255503.4680934
1719255503.6023967
1719255503.7318723
1719255503.9796927
1719255504.1271527
1719255504.254805
1719255504.4585834
----------
1719255513.8508542
1719255514.0085714
1719255514.1650925
1719255514.2918959
1719255514.441876
1719255514.5912468
1719255514.747176
1719255514.8928688
1719255515.06343
1719255515.2089033
1719255515.3656192
1719255515.5150793
1719255515.6974585
1719255515.8536613
1719255515.9919102
1719255516.1333783
1719255516.3297124
1719255516.496764
1719255516.6192133
1719255516.7417538
1719255516.9201007
1719255517.053437
1719255517.192558
1719255517.3245523
1719255517.454382
1719255517.6750512
1719255517.8119922
1719255517.9927127
1719255518.1176484
1719255518.2483335
1719255518.3756166
1719255518.5102358
1719255518.6509502
----------
1719255529.0101175
1719255529.142311
1719255529.2975543
1719255529.4426901
1719255529.5810046
1719255529.7081983
1719255529.8390026
1719255530.0044281
1719255530.1327229
1719255530.263305
1719255530.4773617
1719255530.6194513
1719255530.755469
1719255530.9091551
1719255531.0550637
1719255531.1772783
1719255531.3213935
1719255531.5073392
----------
1719255534.328736
1719255534.4571218
1719255534.6140773
1719255534.776984
1719255534.9555743
1719255535.1088173
1719255535.2423859
1719255535.3696852
1719255535.4979537
1719255535.681724
1719255535.8175044
1719255535.99875
1719255536.1312697
1719255536.3277555
1719255536.5302112
1719255536.7054057
1719255536.8349757
1719255537.0522084
1719255537.221124
1719255537.3763366
1719255537.5074542
1719255537.634173
1719255537.7720387
1719255537.948954
1719255538.1102412
----------
1719255545.470394
1719255545.614985
1719255545.7424266
1719255546.005128
1719255546.1331975
1719255546.2687624
1719255546.4484265
1719255546.596387
1719255546.7291362
1719255546.9813929
1719255547.1208544
1719255547.2861047
1719255547.4534252
1719255547.58136
1719255547.7081552
1719255547.841314
1719255548.004649
1719255548.126816
1719255548.3066134
1719255548.498797
1719255548.6319926
1719255548.8188288
1719255549.0345263
1719255549.1574645
1719255549.3224874
----------
1719255556.6662564
1719255556.8132412
1719255557.005193
1719255557.1324344
1719255557.3239052
1719255557.4582832
1719255557.588773
1719255557.7148714
1719255557.8469954
1719255557.9717016
1719255558.1295388
1719255558.2568223
1719255558.47386
1719255558.6090078
1719255558.74653
1719255558.891657
1719255559.044916
1719255559.1750722
1719255559.3076706
1719255559.5136523
1719255559.6412811
1719255559.7789953
1719255559.9100437
1719255560.0381274
1719255560.167268
1719255560.2895217
1719255560.4193292
1719255560.56651
1719255560.6924298
----------
1719255567.419594
1719255567.645741
1719255567.7946596
1719255567.977239
1719255568.1029308
1719255568.225135
1719255568.3515546
1719255568.528467
1719255568.688874
1719255568.8161871
1719255569.021841
1719255569.156911
1719255569.3046257
1719255569.4331052
1719255569.6302614
1719255569.7863424
1719255569.9579873
----------
1719255577.8958697
1719255578.0440204
----------
1719255578.2771978
1719255578.430044
1719255578.5604692
1719255578.7505028
1719255578.9017928
1719255579.117448
1719255579.3139997
1719255579.4899707
1719255579.6124036
1719255579.7424242
1719255579.9754605
1719255580.1337602
1719255580.260355
1719255580.393466
1719255580.5619044
----------
1719255583.518711
1719255583.690072
1719255583.9865665
1719255584.1417692
1719255584.299041
1719255584.451721
1719255584.5807767
1719255584.7036655
1719255584.936137
1719255585.119356
1719255585.2415318
1719255585.3721461
1719255585.5020354
1719255585.6612792
1719255585.805968
1719255585.9427044
1719255586.0715747
1719255586.1992698
1719255586.322109
1719255586.5069382
1719255586.635963
1719255586.8117847
1719255586.9933267
1719255587.1311462
1719255587.2583807
1719255587.4675846
1719255587.611391
1719255587.733679
1719255587.8631306
1719255587.9950256
1719255588.1296074
1719255588.2608333
1719255588.4309049
1719255588.590187
1719255588.75054
1719255588.9822803
1719255589.1377714
1719255589.3247807
1719255589.4984195
1719255589.6219196
----------
1719255595.881554
1719255596.0391273
1719255596.162946
1719255596.5611308
1719255596.757788
1719255596.9369178
1719255597.1722107
1719255597.3837194
1719255597.531704
1719255597.698872
1719255597.8263323
1719255597.975429
1719255598.1119363
1719255598.2488108
1719255598.4225352
1719255598.5677824
1719255598.7185757
1719255598.853292
1719255598.9811058
1719255599.1382346
1719255599.2963092
1719255599.4330785
1719255599.59668
1719255599.7236001
1719255599.850961
1719255599.986847
1719255600.1091125
1719255600.2315192
1719255600.4008658
1719255600.555789
1719255600.7143793
1719255600.9429598
1719255601.1076307
1719255601.2366602
1719255601.471681
1719255601.6151648
1719255601.7493296
----------
1719255609.1274567
1719255609.2940283
1719255609.4406068
1719255609.5628006
1719255609.732832
1719255609.8608806
1719255610.0181968
1719255610.157207
1719255610.308462
1719255610.5025759
1719255610.6247864
1719255610.7850742
1719255610.9072382
1719255611.097259
1719255611.3725212
1719255611.6048212
1719255611.787155
1719255612.022946
1719255612.2102616
1719255612.3563044
1719255612.52209
1719255612.7477517
1719255612.9511814
1719255613.0901527
1719255613.2746456
----------
1719255623.8776615
1719255624.029407
1719255624.1609645
1719255624.3416538
1719255624.4977336
1719255624.676239
1719255624.8226244
1719255624.9778135
1719255625.1215801
1719255625.2792978
1719255625.4219527
1719255625.613156
1719255625.7735653
1719255625.9034085
1719255626.025585
1719255626.2120044
1719255626.520062
1719255626.6582713
1719255626.780469
1719255627.1166437
----------
1719255637.6112473
1719255637.7655797
1719255637.9282398
1719255638.1032875
1719255638.230863
1719255638.4278111
1719255638.5638695
1719255638.7042072
1719255639.0264928
1719255639.190573
1719255639.3231454
1719255639.491833
1719255639.6914048
----------
1719255645.1945004
1719255645.3181798
1719255645.5002925
1719255645.6225011
1719255645.7586195
1719255645.9398904
1719255646.0936158
1719255646.24423
1719255646.4412918
1719255646.5855966
1719255646.7330894
1719255646.9414697
1719255647.0953846
1719255647.2227316
1719255647.471933
1719255647.6073806
1719255647.7400098
1719255647.9704337
1719255648.1324186
1719255648.264994
1719255648.47119
1719255648.6011536
1719255648.7300415
1719255648.887317
1719255649.0612035
1719255649.1887887
1719255649.3171794
1719255649.4393132
1719255649.5615072
1719255649.6995401
1719255649.831193
1719255649.956144
1719255650.136759
1719255650.2694037
1719255650.4711518
1719255650.6332564
----------
1719255657.8940926
1719255658.0211823
1719255658.173351
1719255658.3342488
1719255658.4565527
1719255658.5803728
1719255658.7371778
1719255659.0134935
1719255659.1621373
1719255659.3019648
1719255659.4433675
1719255659.5801015
1719255659.706774
1719255659.8504791
1719255659.993181
1719255660.1269147
1719255660.2920923
1719255660.4401062
1719255660.5678878
1719255660.716318
1719255660.8453114
1719255661.0458837
1719255661.1681533
1719255661.3142505
1719255661.4434853
1719255661.6215544
1719255661.7644944
1719255661.9003987
1719255662.0461032
1719255662.224566
1719255662.352488
1719255662.501887
1719255662.7017915
1719255662.8349638
1719255663.0357513
1719255663.1686463
1719255663.3090243
1719255663.4526463
1719255663.5804775
1719255663.707823
1719255663.8353524
1719255663.959624
1719255664.1027822
1719255664.231344
1719255664.4337783
1719255664.5623093
1719255664.7002304
1719255664.8452537
1719255665.0095177
1719255665.164731
1719255665.327652
1719255665.4824991
1719255665.647769
----------
1719255675.2723825
1719255675.4490721
1719255675.581935
1719255675.732134
1719255675.9128976
1719255676.0453827
1719255676.224507
1719255676.3634791
1719255676.5439744
1719255676.7053227
1719255676.833016
1719255677.0118132
1719255677.1537545
1719255677.3054302
1719255677.4511163
1719255677.5888638
1719255677.7924583
1719255677.9792798
1719255678.120713
1719255678.2500508
1719255678.4804552
1719255678.620028
1719255678.747816
1719255679.0273018
1719255679.1834748
1719255679.312959
1719255679.4351065
1719255679.5573337
1719255679.6961532
1719255679.8248096
1719255679.9508233
1719255680.1133003
1719255680.2519038
1719255680.4616842
1719255680.5926445
1719255680.7148488
1719255680.8476913
----------
1719255687.4427285
1719255687.605388
1719255687.7596934
1719255688.0107167
1719255688.1712906
1719255688.346898
1719255688.5054264
1719255688.663878
1719255688.8185132
1719255689.0146577
1719255689.1509914
1719255689.294423
1719255689.4359212
1719255689.5648024
1719255689.7060366
1719255689.8333309
1719255689.9646845
1719255690.1357994
1719255690.3322585
1719255690.4544795
1719255690.5818167
1719255690.7099166
1719255690.9048715
1719255691.1331444
----------
1719255691.4785972
1719255691.6344533
1719255691.7632635
1719255691.8948946
1719255692.0208092
----------
