1719349754.5220673
1719349754.7443717
1719349754.966558
1719349755.1887355
1719349755.4110527
1719349755.633322
1719349755.8555477
1719349756.0777678
1719349756.2999973
1719349756.5222778
1719349756.7445142
1719349756.9667065
1719349757.1889365
1719349757.4112258
1719349757.6334689
1719349757.8561823
1719349758.078436
1719349758.304982
1719349758.5285335
1719349758.7507346
1719349758.9729862
1719349759.1951373
1719349759.417382
1719349759.6396832
1719349759.8619137
1719349760.084224
1719349760.3064687
1719349760.5295594
1719349760.7517545
1719349760.9739988
1719349761.1962128
1719349761.4184802
1719349761.6407487
1719349761.8629527
1719349762.0853074
1719349762.3075106
1719349762.5297053
1719349762.7519865
1719349762.974232
1719349763.1965253
1719349763.4187746
1719349763.6410475
1719349763.8633542
1719349764.085595
1719349764.3077888
----------
1719349774.7767315
1719349774.9989705
1719349775.221174
1719349775.4433713
1719349775.6655354
----------
1719349779.802811
1719349780.0249987
1719349780.2472816
1719349780.4695408
1719349780.6917515
1719349780.9140322
1719349781.1362975
----------
1719349793.8523011
1719349794.0744615
1719349794.2966988
1719349794.5190067
1719349794.7412138
1719349794.963445
----------
1719349800.6486452
1719349800.8709767
1719349801.0931933
1719349801.3155074
----------
1719349806.2036183
1719349806.4259298
1719349806.6481524
1719349806.8703518
1719349807.092562
1719349807.3148136
----------
1719349810.6134555
1719349810.8357627
1719349811.0580332
1719349811.2802777
1719349811.5025077
1719349811.7255974
1719349811.948566
1719349812.170851
1719349812.3929799
1719349812.615205
----------
1719349816.744427
1719349816.9666865
1719349817.1889637
1719349817.4112434
1719349817.633453
----------
1719349822.0028021
1719349822.2249715
1719349822.4472966
1719349822.6695986
1719349822.8918374
1719349823.114155
1719349823.3364704
1719349823.5587182
1719349823.7809715
1719349824.0032375
1719349824.2254272
1719349824.4477768
----------
1719349880.7285786
1719349880.9507968
1719349881.173053
1719349881.395233
1719349881.6175609
----------
1719349887.1667247
1719349887.389064
----------
1719349892.0105202
1719349892.2328231
----------
1719349898.7913756
1719349899.0135877
1719349899.2358515
----------
1719349904.6906884
1719349904.913007
1719349905.1357102
1719349905.3580112
1719349905.5802448
----------
1719349910.6230347
1719349910.8453782
1719349911.067664
1719349911.2898474
1719349911.512169
1719349911.7344115
----------
1719349914.6909838
1719349914.9131541
1719349915.1353512
1719349915.357501
1719349915.5797079
1719349915.802087
1719349916.0243497
1719349916.2466455
----------
1719349920.4009597
1719349920.6232474
1719349920.845499
----------
1719349925.8231022
1719349926.0453312
1719349926.2676165
1719349926.4898813
1719349926.71215
1719349926.934768
1719349927.1588109
1719349927.381135
----------
1719349932.6542413
1719349932.8764057
1719349933.0989742
1719349933.3211834
1719349933.5433862
1719349933.765577
1719349933.987856
1719349934.2100585
----------
1719349936.7165
1719349936.9406328
1719349937.1628485
1719349937.3850155
1719349937.6071706
----------
1719349941.5403993
1719349941.7626667
1719349941.9849215
----------
1719349946.487353
1719349946.7121994
1719349946.9344752
1719349947.156689
1719349947.3789132
1719349947.601039
1719349947.8232133
1719349948.0455172
1719349948.267735
1719349948.4900227
1719349948.712295
1719349948.9345777
----------
1719349952.9856043
1719349953.2078855
1719349953.4302535
1719349953.6525555
1719349953.8748302
1719349954.0970087
----------
1719349962.3679872
1719349962.5902183
1719349962.8124163
1719349963.0346591
1719349963.25701
1719349963.4792717
1719349963.7016037
1719349963.925161
1719349964.147385
1719349964.369603
1719349964.5917869
1719349964.813989
1719349965.036171
----------
1719349969.3257606
1719349969.5479722
1719349969.7701752
----------
1719349981.6191268
1719349981.8413281
1719349982.0635526
1719349982.285735
----------
1719349987.7591026
1719349987.9816422
1719349988.2038627
----------
1719349998.9975026
1719349999.2197375
1719349999.4419408
1719349999.6641831
1719349999.8864355
1719350000.1086893
1719350000.3310664
1719350000.5541382
1719350000.7763796
1719350000.998596
1719350001.2208798
1719350001.4431968
1719350001.6654997
----------
1719350006.2782013
1719350006.5004807
1719350006.722734
1719350006.9449317
1719350007.167253
1719350007.3895984
1719350007.6118388
1719350007.8341105
1719350008.0564065
1719350008.2786362
1719350008.500943
1719350008.7232246
----------
1719350013.2256305
1719350013.4478836
1719350013.6701393
1719350013.8926506
----------
1719350018.253183
1719350018.4753997
1719350018.6991751
----------
1719350019.5100408
1719350019.7322505
----------
1719350023.188445
1719350023.4107242
1719350023.6330743
----------
1719350094.5673451
----------
1719350100.1618726
1719350100.3841183
1719350100.606418
1719350100.8286567
1719350101.0509317
1719350101.2732062
1719350101.4954224
----------
1719350107.204437
1719350107.4267108
----------
1719350115.5256038
1719350115.7477944
----------
1719350119.5971434
1719350119.8194318
1719350120.0417354
----------
1719350125.3641827
1719350125.5864532
1719350125.808704
1719350126.031041
----------
1719350138.5017838
----------
1719350142.5704556
1719350142.7926738
1719350143.0149965
----------
1719350147.6879392
----------
1719350154.2119303
1719350154.434249
1719350154.656475
1719350154.8786957
1719350155.1008906
1719350155.323122
1719350155.5454123
1719350155.76767
1719350155.9898837
1719350156.21218
1719350156.4358876
1719350156.6586537
1719350156.8809114
----------
1719350160.967451
1719350161.1896186
1719350161.4117887
1719350161.6340013
1719350161.856306
1719350162.0785382
1719350162.3008306
1719350162.523261
1719350162.7455266
1719350162.967792
1719350163.1906936
1719350163.4129083
1719350163.6350882
----------
1719350170.5761425
----------
1719350176.2939906
1719350176.5162518
1719350176.7385519
1719350176.960777
1719350177.1830158
1719350177.4052136
1719350177.6274393
1719350177.8496702
1719350178.0718827
----------
1719350183.5551515
1719350183.7773573
1719350183.9996061
----------
1719350194.8420637
1719350195.0643446
1719350195.286596
1719350195.5088592
1719350195.73105
1719350195.9533205
1719350196.1754968
1719350196.397721
1719350196.620605
1719350196.84287
----------
1719350201.7066267
1719350201.9288435
1719350202.1509695
1719350202.3731492
1719350202.5954616
----------
1719350207.4713
1719350207.693497
----------
1719350214.8359895
1719350215.058202
1719350215.280405
1719350215.5026543
1719350215.7249105
1719350215.947079
1719350216.169289
1719350216.3915107
1719350216.6137044
1719350216.8359187
----------
1719350222.2550333
1719350222.4772806
----------
1719350233.0735924
1719350233.2964902
----------
1719350249.3546543
1719350249.5769103
----------
1719350276.5180779
----------
1719350287.4412267
1719350287.663422
1719350287.8856244
1719350288.1077988
----------
1719350292.7392762
1719350292.961553
1719350293.1838057
1719350293.40602
1719350293.6283276
1719350293.8506634
1719350294.0729108
----------
1719350299.7551072
1719350299.9774535
1719350300.199686
----------
1719350306.5693097
1719350306.7914977
1719350307.0137377
----------
1719350312.4574628
1719350312.6796572
----------
1719350318.321716
1719350318.543876
1719350318.7660947
1719350318.988292
1719350319.2105715
----------
1719350324.7184544
----------
1719350335.474763
----------
1719350365.9900706
1719350366.212329
----------
1719350371.5592968
1719350371.7815745
1719350372.0038557
1719350372.2261066
1719350372.4483507
1719350372.67058
1719350372.8928387
1719350373.1150208
1719350373.3372717
1719350373.559975
1719350373.782143
----------
1719350409.9856644
1719350410.2079136
----------
1719350415.9747777
1719350416.1970093
1719350416.419343
1719350416.6416645
1719350416.8639996
----------
1719350421.0973775
1719350421.3206944
1719350421.5444055
1719350421.7666693
1719350421.9890265
1719350422.2112734
1719350422.43349
1719350422.6557248
1719350422.8779564
1719350423.1002421
1719350423.3224585
----------
1719350429.8660262
1719350430.0882533
1719350430.3105354
----------
1719350435.98533
1719350436.2076173
1719350436.4302518
1719350436.65329
----------
1719350442.1785076
1719350442.4006898
1719350442.6235497
----------
1719350468.2189615
1719350468.4411392
1719350468.663325
1719350468.885591
1719350469.108076
1719350469.3303049
1719350469.5525243
1719350469.7747297
1719350469.9970052
1719350470.2194226
1719350470.4416423
1719350470.6657684
1719350470.8901203
1719350471.1123464
----------
1719350476.571438
----------
1719350493.6361709
----------
1719350527.9783864
1719350528.2006936
1719350528.422924
----------
1719350534.0497596
----------
1719350538.344693
1719350538.5670142
1719350538.7891803
1719350539.0113983
1719350539.233621
1719350539.4558303
1719350539.6779966
1719350539.9002624
1719350540.122487
----------
1719350544.3793178
1719350544.602599
1719350544.824763
1719350545.0469809
1719350545.2692475
1719350545.4914496
1719350545.7137077
1719350545.9358675
1719350546.1580896
1719350546.3802903
1719350546.602504
1719350546.8248093
----------
1719350551.215073
1719350551.4372444
1719350551.6594355
1719350551.8816614
----------
1719350556.282161
1719350556.5044212
1719350556.7266645
1719350556.9489076
1719350557.1710916
1719350557.3932931
1719350557.6154716
1719350557.8383646
1719350558.0605242
1719350558.2827234
1719350558.504932
1719350558.7271166
----------
1719350562.6515815
1719350562.8738492
1719350563.0960763
----------
1719350585.3966093
1719350585.6188767
1719350585.8408976
1719350586.063081
1719350586.285365
----------
1719350590.5764627
1719350590.7986379
1719350591.0208108
1719350591.243291
1719350591.4664583
1719350591.6886876
1719350591.9108732
1719350592.132899
1719350592.3550794
----------
1719350596.208472
1719350596.4306931
1719350596.652847
1719350596.8750172
----------
1719350601.6053727
----------
1719350617.349052
----------
1719350621.46134
1719350621.6835675
1719350621.907089
1719350622.1293187
1719350622.3515246
----------
1719350627.7854803
1719350628.0085516
1719350628.2307973
1719350628.4529934
----------
1719350635.9803345
1719350636.2025697
1719350636.424763
1719350636.6469843
1719350636.8691833
1719350637.0913951
----------
1719350645.4068937
1719350645.628937
1719350645.8511174
1719350646.0737338
1719350646.2964618
----------
1719350652.045977
1719350652.2682035
1719350652.4914265
----------
1719350658.0732422
1719350658.2954285
----------
1719350663.9995213
1719350664.2217462
1719350664.4439342
1719350664.6661005
----------
1719350670.3003588
1719350670.5225403
1719350670.7447278
1719350670.9669635
----------
1719350681.6641374
1719350681.886423
1719350682.1087384
1719350682.3310223
----------
1719350687.2332335
1719350687.455448
1719350687.6777356
1719350687.8999805
1719350688.1221948
1719350688.3443794
1719350688.56665
1719350688.7888725
1719350689.011093
----------
1719350693.305403
1719350693.5276628
1719350693.7498918
1719350693.9720573
1719350694.1945324
1719350694.4167655
----------
1719350699.9975038
1719350700.2197297
1719350700.442616
1719350700.6648948
1719350700.8871624
1719350701.10944
1719350701.3322055
----------
1719350707.0996575
1719350707.3219173
1719350707.5441647
1719350707.7663693
1719350707.988579
1719350708.2108061
1719350708.432985
----------
1719350716.6930065
1719350716.915208
1719350717.1373837
1719350717.3596373
1719350717.581832
----------
