1719355012.5517397
----------
1719355016.473345
1719355016.6955695
----------
1719355019.0153832
1719355019.2375965
1719355019.4598382
1719355019.6821313
1719355019.9043605
1719355020.126672
1719355020.349166
1719355020.5713687
----------
1719355031.9695764
----------
1719355035.6264699
----------
1719355038.2099724
1719355038.432232
1719355038.6545503
1719355038.8768618
1719355039.0990996
----------
1719355044.661361
1719355044.883631
1719355045.1059346
----------
1719355048.5783331
1719355048.8013449
1719355049.0235546
----------
1719355051.5691078
1719355051.791392
----------
1719355055.455965
----------
1719355063.418404
1719355063.6406627
1719355063.8629715
1719355064.0850143
----------
1719355070.0654418
1719355070.2877543
1719355070.5099976
1719355070.7322364
----------
1719355076.2401357
1719355076.4624062
1719355076.6846392
1719355076.9069233
1719355077.1289494
1719355077.351152
----------
1719355082.7270193
1719355082.9492698
1719355083.1715374
----------
1719355086.7155452
----------
1719355089.2439923
1719355089.4662445
1719355089.6884952
----------
1719355095.4231505
1719355095.6454082
1719355095.8675687
1719355096.0898685
1719355096.3120763
1719355096.53438
1719355096.7566528
----------
1719355108.0476522
----------
1719355111.632606
----------
1719355114.1861346
1719355114.408348
1719355114.630636
1719355114.8528876
1719355115.0751154
1719355115.297398
1719355115.519735
1719355115.741968
----------
1719355124.2565389
1719355124.4787657
----------
1719355127.1160145
1719355127.33827
1719355127.5606127
1719355127.7830415
1719355128.005287
----------
1719355133.6157005
----------
1719355142.4756646
1719355142.6979592
1719355142.9201837
1719355143.1424644
1719355143.3646655
----------
1719355149.0294254
1719355149.2517178
1719355149.4739575
1719355149.6962504
1719355149.9184625
----------
1719355152.489316
1719355152.7115588
1719355152.9339397
----------
1719355161.3775575
1719355161.5998197
1719355161.8220835
1719355162.044211
1719355162.2664907
1719355162.4887242
1719355162.7109885
----------
1719355165.1186588
1719355165.3410857
1719355165.5633893
----------
1719355168.9875846
1719355169.209876
----------
1719355171.7115269
1719355171.9338694
1719355172.15612
1719355172.378397
1719355172.6006715
1719355172.8228934
1719355173.0449975
1719355173.267176
1719355173.489459
1719355173.7117498
1719355173.9339955
1719355174.1567104
1719355174.3789785
1719355174.6011834
1719355174.8235297
1719355175.045873
1719355175.2681377
1719355175.4903407
1719355175.7125525
1719355175.9347343
----------
1719355181.496605
1719355181.71891
1719355181.9410467
1719355182.1633031
----------
1719355187.4932277
1719355187.715983
1719355187.9383955
1719355188.1606991
1719355188.3828964
----------
1719355194.0858436
1719355194.3080962
1719355194.530368
----------
1719355199.8903825
1719355200.112647
1719355200.3348749
----------
1719355206.2275834
1719355206.4497485
----------
1719355210.0198095
----------
1719355212.7334445
1719355212.9558475
1719355213.178064
----------
1719355218.7581022
----------
1719355222.5480783
1719355222.7703269
1719355222.9929895
1719355223.2152486
----------
1719355225.4814527
1719355225.7036922
1719355225.925983
1719355226.1482964
1719355226.3709714
----------
1719355230.108168
----------
1719355232.6636906
1719355232.8859742
1719355233.1082845
----------
1719355238.5883088
1719355238.8105645
1719355239.0328023
1719355239.255
----------
1719355248.2700744
1719355248.4922934
1719355248.7145278
----------
1719355251.3033595
1719355251.5256717
1719355251.747916
1719355251.9702632
1719355252.1925137
1719355252.4148061
1719355252.636946
1719355252.8591104
1719355253.0813394
----------
1719355263.7725759
1719355263.9948652
1719355264.2169383
1719355264.4391465
1719355264.6613636
1719355264.883642
1719355265.1059535
1719355265.3281956
----------
1719355268.8002994
----------
1719355271.3750405
1719355271.597246
1719355271.8195224
1719355272.0417402
1719355272.2640357
1719355272.4862535
1719355272.708425
1719355272.930822
1719355273.1530643
1719355273.3754003
----------
1719355278.9176865
1719355279.140146
1719355279.3624005
1719355279.584598
1719355279.8068204
1719355280.0289016
----------
1719355285.5979774
1719355285.8201802
1719355286.042472
1719355286.2646961
1719355286.4869864
----------
1719355292.4913328
1719355292.7136817
1719355292.9360003
----------
1719355298.3091593
1719355298.5314462
1719355298.7537882
1719355298.9760327
1719355299.1982703
1719355299.4205284
1719355299.6427693
----------
1719355305.116519
----------
1719355308.806135
1719355309.0283294
1719355309.2505696
----------
1719355311.6531339
1719355311.8753588
1719355312.0976737
1719355312.3199189
1719355312.542234
1719355312.7645037
1719355312.9868326
1719355313.209007
----------
1719355318.5988038
----------
1719355324.4805653
1719355324.702807
1719355324.9249651
1719355325.1472154
1719355325.3695042
----------
1719355331.3753364
1719355331.5975788
1719355331.8198566
1719355332.0421274
1719355332.264452
----------
1719355337.7510521
1719355337.9732702
1719355338.1977928
1719355338.4201326
1719355338.6424117
----------
1719355344.125751
----------
1719355347.9079711
1719355348.1302745
----------
1719355350.7243497
1719355350.9468215
1719355351.168985
1719355351.3911881
1719355351.6134512
1719355351.8357215
1719355352.0579467
----------
1719355363.4367726
1719355363.6590261
1719355363.8813381
1719355364.103553
----------
1719355367.6239119
1719355367.8462288
1719355368.0685291
----------
1719355370.5112212
1719355370.7335176
1719355370.955781
----------
1719355376.3642063
1719355376.5864367
1719355376.8087018
1719355377.0310082
1719355377.2531998
----------
1719355382.7339141
1719355382.9561937
----------
1719355386.6457062
1719355386.8679516
----------
1719355389.4981709
1719355389.7203476
1719355389.942544
----------
1719355395.3002641
----------
1719355401.3099027
1719355401.5321712
1719355401.7544699
1719355401.9766388
1719355402.1988933
----------
1719355405.783522
1719355406.005762
----------
1719355414.0919962
1719355414.3142989
1719355414.5365908
1719355414.7588327
1719355414.9809744
1719355415.2031736
----------
1719355423.8996668
1719355424.121845
----------
1719355426.746752
1719355426.969072
1719355427.1920495
1719355427.4142697
1719355427.6364872
1719355427.8586724
----------
1719355433.2893114
1719355433.5115612
1719355433.7339785
----------
1719355439.1164682
1719355439.338743
1719355439.5609565
----------
1719355443.2616851
1719355443.483931
----------
1719355446.1963184
1719355446.4186602
1719355446.641047
----------
1719355452.1235483
----------
1719355461.1721244
1719355461.394379
1719355461.6166384
1719355461.8389187
1719355462.0612268
1719355462.2834399
1719355462.5056756
----------
1719355465.1120934
1719355465.3342836
----------
1719355474.0408237
1719355474.2630837
----------
1719355476.6366196
1719355476.8589163
1719355477.080905
1719355477.3031883
1719355477.5254426
1719355477.7476237
----------
1719355481.4298108
1719355481.6520283
----------
1719355484.0221798
1719355484.2442644
----------
1719355489.7740998
1719355489.996347
1719355490.218648
----------
1719355495.9496567
1719355496.1719482
----------
1719355499.772943
1719355499.995128
1719355500.2173133
1719355500.439557
1719355500.6618552
----------
1719355503.0105634
1719355503.2327902
1719355503.4550874
----------
1719355508.8996987
1719355509.122062
1719355509.3443787
1719355509.5666342
----------
1719355515.0880957
1719355515.3103416
1719355515.5325432
1719355515.754885
----------
1719355527.020593
1719355527.242795
1719355527.4650223
1719355527.6872203
----------
1719355533.116069
1719355533.3382888
1719355533.5605154
1719355533.7827532
1719355534.0049868
----------
1719355537.3977792
1719355537.6199894
1719355537.8422143
----------
1719355540.316506
1719355540.5387666
----------
1719355546.0498724
1719355546.272172
1719355546.494438
1719355546.7166963
1719355546.9390593
----------
1719355552.2787528
1719355552.500912
1719355552.7231321
----------
1719355556.4452198
----------
1719355559.026921
1719355559.2490013
----------
